#timestamp tx ty tz qx qy qz qw
1724939720.575060368 0.000000000 0.000000000 0.000000000 -0.000000000 -0.000000000 -0.000000000 1.000000000
1724939726.752831936 0.014947325 -0.034820773 0.015334177 0.010644147 -0.016164858 -0.001237520 0.999811888
1724939726.786257267 0.012283383 -0.047818009 0.013846490 0.011244245 -0.015753647 -0.002345636 0.999809921
1724939726.853108644 -0.006110383 -0.077109039 0.012025891 0.011368592 -0.016842907 -0.002533381 0.999790311
1724939726.986815929 0.022500355 -0.128930703 0.018047204 0.012647940 -0.027640609 -0.005868414 0.999520659
1724939727.153958321 0.034077529 -0.194744349 0.014708408 0.017967621 -0.022316834 -0.002558786 0.999586225
1724939727.187386274 0.035689872 -0.216231674 0.014000283 0.020300455 -0.021467734 -0.000079128 0.999563456
1724939727.287390471 0.039799780 -0.269556552 0.002282557 0.030145863 -0.021437040 0.005111473 0.999302566
1724939727.420726538 0.047797766 -0.324982852 -0.012793136 0.044104144 -0.027255926 0.002246333 0.998652577
1724939727.487393618 0.056051485 -0.350229025 -0.022973841 0.044912059 -0.033051115 -0.002555259 0.998440802
1724939727.554059505 0.062341221 -0.376183659 -0.032350101 0.041461546 -0.035673134 -0.006542523 0.998481631
1724939727.787384510 0.096791707 -0.465671033 -0.069172613 0.022970248 -0.055325292 0.014620928 0.998097062
1724939727.887377977 0.106275417 -0.498834878 -0.093207173 0.015794287 -0.063334458 0.016003074 0.997739017
1724939727.920708656 0.107381575 -0.510155499 -0.101668596 0.011312341 -0.068757862 0.014110182 0.997469485
1724939727.954039335 0.121742032 -0.521693945 -0.103601903 0.005993432 -0.079279773 0.010763494 0.996776283
1724939728.020699978 0.127405241 -0.541504025 -0.120245844 -0.004206901 -0.095802352 0.005121515 0.995378315
1724939728.087359667 0.150506243 -0.530136526 -0.113543138 -0.003646148 -0.107936896 -0.002854618 0.994146943
1724939728.154018641 0.193753526 -0.542016625 -0.106948145 0.000422021 -0.111409664 -0.010441926 0.993719637
1724939728.220718145 0.204664811 -0.549028516 -0.117048793 0.009239356 -0.099669136 -0.013975860 0.994879603
1724939728.287544250 0.204615220 -0.555957556 -0.128976732 0.013502000 -0.090727210 -0.014103494 0.995684385
1724939728.488028526 0.238664031 -0.569425285 -0.143324673 0.014452044 -0.112029277 -0.017916696 0.993438303
1724939728.554859638 0.248338282 -0.577533305 -0.146562889 0.021247398 -0.109668396 -0.022295119 0.993490994
1724939728.621691227 0.252510995 -0.591078222 -0.153471291 0.025742073 -0.110244095 -0.023160100 0.993301153
1724939728.688524246 0.256566197 -0.600045025 -0.160354078 0.026847729 -0.116949089 -0.024518438 0.992472172
1724939728.788776159 0.272948951 -0.602735579 -0.160596028 0.027021592 -0.134453818 -0.024518657 0.990247846
1724939728.922449350 0.296945244 -0.605308831 -0.152944028 0.023615249 -0.159460828 -0.016677417 0.986780822
1724939729.056127787 0.340696335 -0.592299998 -0.116047114 0.029449236 -0.161756828 -0.020855092 0.986170650
1724939729.122968674 0.359760910 -0.590353906 -0.103556342 0.036083341 -0.160675332 -0.020054683 0.986143649
1724939729.256605148 0.395460069 -0.606401980 -0.078195699 0.040910915 -0.170199513 -0.021149989 0.984332860
1724939729.356712818 0.423034340 -0.616403997 -0.057713877 0.036094382 -0.180036366 -0.025127459 0.982676327
1724939729.490179300 0.466173410 -0.590067029 -0.004357600 0.037147645 -0.199742571 -0.036344104 0.978469253
1724939729.556912422 0.496699363 -0.581944406 0.031785909 0.042213351 -0.193509102 -0.043497577 0.979224324
1724939729.657011986 0.506957889 -0.618501604 0.034792054 0.032187391 -0.189356133 -0.042576380 0.980456769
1724939729.790477753 0.524513245 -0.626682520 0.077324621 0.027259804 -0.208893180 -0.039933231 0.976742506
1724939729.957309961 0.540275693 -0.620995343 0.134025916 0.033605926 -0.229419470 -0.031190766 0.972247183
1724939730.157508373 0.549682975 -0.628593981 0.197305694 0.039110854 -0.241874218 -0.032097418 0.968987584
1724939730.257607460 0.551427186 -0.623606145 0.237053424 0.043594982 -0.245098710 -0.035279304 0.967874706
1724939730.391175747 0.546149373 -0.636012077 0.275228769 0.040565509 -0.247555256 -0.034315493 0.967415810
1724939730.491379738 0.542120934 -0.639288485 0.307016641 0.027606161 -0.266749740 -0.032572530 0.962819576
1724939730.624987364 0.541715503 -0.609718502 0.359081119 0.033455096 -0.267245233 -0.039175022 0.962250531
1724939730.825404882 0.540264904 -0.640998483 0.419941247 0.039846007 -0.269626230 -0.026730429 0.961768925
1724939731.025829077 0.551473618 -0.643268943 0.479799211 0.047412235 -0.306757659 -0.031708863 0.950077057
1724939731.159449100 0.566457212 -0.647308230 0.513025224 0.049865205 -0.333905280 -0.043619398 0.940275609
1724939731.259666443 0.584408164 -0.644906580 0.533880949 0.052329317 -0.349469870 -0.054501843 0.933896124
1724939731.359702587 0.602273464 -0.650836408 0.555861652 0.048048470 -0.367438912 -0.060640775 0.926823974
1724939731.526273727 0.642933726 -0.647255003 0.584246099 0.036406361 -0.395971954 -0.074053802 0.914547324
1724939731.626211882 0.666294336 -0.642601013 0.595243871 0.030382000 -0.407255083 -0.083804987 0.908953846
1724939731.826078415 0.699621439 -0.651740849 0.609583497 0.017604733 -0.425531656 -0.091016136 0.900182724
1724939731.926006794 0.709413886 -0.653605640 0.606368482 0.008605152 -0.437651336 -0.094183385 0.894156992
1724939732.059239388 0.722674906 -0.654827118 0.611476183 -0.001354649 -0.458113790 -0.095047615 0.883796275
1724939732.159160137 0.731656909 -0.650740802 0.615838885 -0.001720225 -0.465351313 -0.103635222 0.879036367
1724939732.359170675 0.738675714 -0.644911170 0.607573628 -0.010927883 -0.479615033 -0.104791142 0.871130764
1724939732.559532404 0.741971076 -0.640952826 0.609689415 -0.011320532 -0.483123600 -0.104129337 0.869264364
1724939732.659714699 0.740797162 -0.643272102 0.605121076 -0.014319991 -0.485974073 -0.104045421 0.867639780
1724939732.759898663 0.739033818 -0.643830419 0.607438922 -0.016457848 -0.490510315 -0.105177075 0.864908397
1724939733.060457230 0.731942058 -0.637802184 0.615222752 -0.012323306 -0.486995310 -0.107864298 0.866630852
1724939733.194042206 0.728455782 -0.637573361 0.622006953 -0.006857422 -0.482607454 -0.104183644 0.869591177
1724939733.294231653 0.720138609 -0.642551780 0.612802386 -0.005100717 -0.478966832 -0.098623820 0.872260332
1724939733.427463770 0.715897799 -0.637093604 0.613914013 -0.001725490 -0.475645781 -0.089538351 0.875066280
1724939733.627299309 0.700772166 -0.644061387 0.601208985 0.003041582 -0.455658585 -0.078602858 0.886672199
1724939733.827119350 0.683156967 -0.641509771 0.585293591 0.010907918 -0.440311760 -0.074536823 0.894679189
1724939734.359925032 0.616690516 -0.631296515 0.454388142 0.013188619 -0.389123350 -0.042910907 0.920091152
1724939734.792895079 0.561477244 -0.621550679 0.348062962 0.015327075 -0.350261480 -0.029906737 0.936048925
1724939735.125899315 0.565006077 -0.619773686 0.256260842 0.033410758 -0.332039624 -0.027771166 0.942264438
1724939735.492683411 0.617444515 -0.601108432 0.165375799 0.015274618 -0.305017412 -0.017545948 0.952062607
1724939735.859947205 0.637564898 -0.596881509 0.094792902 0.026070399 -0.261458367 -0.021635715 0.964619994
1724939735.993499994 0.632067442 -0.582607985 0.062692791 0.043252915 -0.224566638 -0.028496863 0.973081172
1724939736.227220297 0.620881319 -0.577700198 0.011070732 0.058866661 -0.159949735 -0.012762906 0.985285699
1724939736.527104139 0.567029297 -0.552313387 -0.106118254 0.051471327 -0.095462099 -0.010126245 0.994049907
1724939736.693594456 0.556224465 -0.530352771 -0.154384345 0.039668363 -0.064020447 -0.012388662 0.997082949
1724939737.793023348 0.608968556 -0.474482834 -0.298568785 -0.005519469 0.039442759 -0.018707028 0.999031484
1724939739.025896788 0.669356644 -0.478095144 -0.204611972 0.012205650 0.039304491 -0.024172002 0.998860300
1724939739.358899593 0.628672183 -0.491645008 -0.161588505 0.026357237 0.039293218 -0.031630542 0.998379111
1724939739.791880369 0.695759118 -0.519734263 -0.038459543 -0.007484850 -0.018742369 -0.038741887 0.999045491
1724939739.958392382 0.668640733 -0.525444329 -0.015991928 -0.014789897 -0.069608495 -0.043395430 0.996520340
1724939740.124893665 0.647177815 -0.530242264 -0.016558731 -0.022144135 -0.110944077 -0.048550893 0.992393017
1724939740.258086920 0.671182215 -0.558121800 0.005769865 -0.028323453 -0.171298742 -0.042948607 0.983874977
1724939740.458168507 0.690842152 -0.529730916 0.046739988 -0.025950843 -0.237212002 -0.028387519 0.970696270
1724939742.025760174 0.442830086 -0.574337721 0.604302943 0.014371307 -0.343028933 -0.018397203 0.939034700
1724939742.225589275 0.399897039 -0.572907865 0.717452943 0.027453035 -0.366009504 -0.032288481 0.929645598
1724939742.392103672 0.369594216 -0.579779744 0.793156266 0.039019018 -0.384462714 -0.039052133 0.921488404
1724939742.725665569 0.317825496 -0.587001801 0.892744899 0.040412012 -0.381689042 -0.038374536 0.922609210
1724939742.892452955 0.289597303 -0.582157671 0.948406041 0.042603057 -0.363753110 -0.043239053 0.929515481
1724939743.092602968 0.242360964 -0.580901504 1.005514979 0.046725579 -0.343963116 -0.054602254 0.936228991
1724939743.226039886 0.200888768 -0.584013820 1.053037643 0.056338686 -0.318381548 -0.064412311 0.944092333
1724939743.492799759 0.103778034 -0.595480084 1.147023439 0.060658526 -0.290889770 -0.051984780 0.953415632
1724939743.659394741 0.049724139 -0.609656572 1.190101266 0.080178030 -0.252652764 -0.035148937 0.963588417
1724939743.825981617 0.001842417 -0.633101165 1.205902338 0.055438410 -0.251286089 -0.014542034 0.966214478
1724939744.092504025 -0.053422928 -0.626292229 1.244420290 0.026602488 -0.261195779 -0.036401849 0.964232326
1724939744.259069681 -0.076312222 -0.623370051 1.279504299 0.019440223 -0.243672043 -0.061357431 0.967719674
1724939744.459044456 -0.111306995 -0.619613528 1.325490117 -0.000324662 -0.224293947 -0.066679865 0.972237587
1724939744.625866652 -0.141090855 -0.609564722 1.377911806 0.010236549 -0.185919359 -0.073430575 0.979763865
1724939744.792694807 -0.181823730 -0.612855971 1.409523845 0.027071996 -0.145098820 -0.062565528 0.987065852
1724939745.026264429 -0.247537747 -0.616631746 1.433430195 0.015057802 -0.118540332 -0.060489673 0.990990639
1724939745.193106890 -0.299591422 -0.613554835 1.449223280 0.011366946 -0.076911852 -0.064594232 0.994878411
1724939745.359955311 -0.356826663 -0.614526391 1.459215522 0.016500561 -0.020333663 -0.053878374 0.998204112
1724939745.493611813 -0.400694072 -0.614029706 1.463200212 0.010703149 0.011215893 -0.041886840 0.999002099
1724939745.627334356 -0.459206909 -0.610720038 1.473218560 0.011332237 0.063406713 -0.040432874 0.997103989
1724939745.761065722 -0.511357844 -0.606781304 1.479146361 0.015164294 0.097764589 -0.037013154 0.994405448
1724939745.894805670 -0.560990274 -0.612192631 1.491009474 0.017284133 0.129113078 -0.039067354 0.990709305
1724939746.028553724 -0.599956691 -0.610615492 1.501179695 0.016699597 0.149800703 -0.036972944 0.987883568
1724939746.162310600 -0.637499094 -0.607565641 1.520624518 0.015090898 0.172333643 -0.035815250 0.984271646
1724939746.262633801 -0.663179815 -0.605124056 1.539874673 0.016964396 0.194787070 -0.038331755 0.979949474
1724939746.396403313 -0.689893007 -0.599144936 1.555726409 0.026174497 0.220052540 -0.037200350 0.974426985
1724939746.530184031 -0.718888164 -0.598166883 1.566191673 0.024788333 0.240544483 -0.024937242 0.970001101
1724939746.630527496 -0.741401434 -0.599873304 1.580300570 0.020408247 0.259513170 -0.019357082 0.965329826
1724939746.764329910 -0.772021174 -0.596144021 1.587318063 0.010438822 0.274167061 -0.012409111 0.961545348
1724939746.965055943 -0.825870037 -0.596675992 1.594403148 0.007671702 0.312454253 -0.021734914 0.949653149
1724939747.132348776 -0.883590937 -0.599865735 1.588021159 0.005916297 0.343069792 -0.014036952 0.939186394
1724939747.299660683 -0.943195581 -0.586011827 1.572562575 0.008544546 0.375808150 -0.002645972 0.926654339
1724939747.500029087 -1.012613535 -0.581189513 1.568076730 0.001752387 0.391065180 0.003105616 0.920356154
1724939747.633324623 -1.050358891 -0.576645136 1.559901357 -0.004647844 0.398232996 -0.001212259 0.917271733
1724939747.833259583 -1.091368556 -0.556532085 1.544772744 -0.001861420 0.400155336 0.007779650 0.916412413
1724939748.133142710 -1.130144119 -0.550865412 1.492327332 -0.010857812 0.363566905 0.005618986 0.931487858
1724939748.266417265 -1.137991667 -0.556922436 1.447931528 -0.009986851 0.336226583 0.002753861 0.941724122
1724939748.399687529 -1.145594954 -0.574942529 1.401620865 -0.016307348 0.340746343 0.000024605 0.940013826
1724939748.566912174 -1.145018578 -0.577791691 1.338161469 -0.018483685 0.358881503 -0.002710471 0.933196187
1724939748.734155893 -1.147780180 -0.583889782 1.267276168 -0.029979179 0.384823054 -0.004361965 0.922493100
1724939748.934873343 -1.151049137 -0.589329600 1.203927040 -0.030903835 0.411767274 0.007826317 0.910731256
1724939749.135618210 -1.168322802 -0.578510523 1.142321587 -0.021156881 0.447221816 -0.002141998 0.894170284
1724939749.670116425 -1.266541719 -0.559029877 1.117400050 -0.009153066 0.476298481 -0.021187009 0.878980696
1724939750.136827707 -1.334875345 -0.556098282 1.119339943 -0.000351516 0.447754085 -0.033741541 0.893519819
1724939750.403502703 -1.321684837 -0.557183981 1.049881816 -0.010469474 0.409952402 -0.037833430 0.911261797
1724939750.670111656 -1.274575949 -0.545925379 0.955989540 -0.024401531 0.371569425 -0.029957859 0.927600801
1724939750.936669350 -1.250036240 -0.590119720 0.879353225 -0.052678593 0.365677804 -0.039108943 0.928426206
1724939751.269839287 -1.261906147 -0.585446596 0.818075001 -0.032140907 0.378830820 -0.045180399 0.923803508
1724939751.937868118 -1.248623967 -0.615787804 0.764314473 -0.040365841 0.377725095 -0.040577691 0.924147069
1724939752.272437334 -1.161830187 -0.639533341 0.730737686 -0.026127046 0.361307412 -0.032824177 0.931502521
1724939752.706609488 -1.085708857 -0.633009672 0.708837271 -0.030104365 0.351253897 -0.018546361 0.935612321
1724939753.439595699 -1.096104503 -0.638490796 0.830287755 -0.031069145 0.398276269 -0.007881666 0.916705370
1724939754.572441339 -1.147761106 -0.691541135 0.957822800 -0.075132065 0.420855194 0.027534323 0.903591692
1724939754.872331619 -1.148672819 -0.711275041 0.947743535 -0.099360801 0.465264350 0.019230776 0.879367232
1724939755.638646841 -1.201983690 -0.724931002 0.948481143 -0.103800744 0.522618413 0.042257685 0.845168471
1724939758.440381289 -1.259488583 -0.606741488 1.280241609 -0.007864252 0.460244209 0.007400166 0.887726724
1724939758.973621607 -1.233134389 -0.590749562 1.437964678 -0.001085759 0.477293134 0.018807326 0.878542185
1724939759.240119696 -1.204943061 -0.578636527 1.512818336 -0.012012704 0.475512177 0.006809305 0.879600823
1724939759.539915323 -1.164575100 -0.574172437 1.585607052 -0.011918404 0.471313775 0.003343099 0.881878793
1724939759.773136616 -1.118029475 -0.584193826 1.637326837 -0.002064090 0.501869082 0.001022560 0.864940464
1724939760.072968245 -1.081628919 -0.575883210 1.691175818 0.010254341 0.555228949 -0.009035930 0.831585228
1724939760.306151390 -1.088314414 -0.565540731 1.735702634 -0.003433111 0.567696929 -0.012105509 0.823141456
1724939760.506010056 -1.112771630 -0.559477925 1.778440475 -0.015824692 0.570415914 -0.004956009 0.821188688
1724939760.705914259 -1.145404339 -0.551155448 1.824691534 -0.025349962 0.564879835 0.016495991 0.824618697
1724939760.872491360 -1.173625469 -0.550851941 1.855401158 -0.040575046 0.569349110 0.028148733 0.820611298
1724939761.072373152 -1.205813646 -0.545517921 1.879118085 -0.045672022 0.584619462 0.034441963 0.809288502
1724939761.538768530 -1.282034755 -0.530515552 1.888041258 -0.048000924 0.630427122 0.039916012 0.773733974
1724939762.139308691 -1.334876060 -0.521967590 1.836405516 -0.082842425 0.635196328 0.049734831 0.766282737
1724939762.306138277 -1.345066428 -0.516052783 1.804441690 -0.089353964 0.636223972 0.053125463 0.764468849
1724939762.506340265 -1.359187245 -0.526394427 1.751793861 -0.103269137 0.643447220 0.058590434 0.756226361
1724939762.706557035 -1.364418864 -0.516273260 1.709219694 -0.107741803 0.666390061 0.063980557 0.734998286
1724939762.940156221 -1.364711761 -0.518790305 1.698034883 -0.108135350 0.678675473 0.075739786 0.722474813
1724939763.374021053 -1.393550634 -0.518076658 1.754135251 -0.093605660 0.721124947 0.067498684 0.683125794
1724939763.607528448 -1.424884677 -0.513009965 1.802413464 -0.086949445 0.728859246 0.086898156 0.673537433
1724939763.840858698 -1.437885523 -0.501075149 1.857100010 -0.094402678 0.742054284 0.102667436 0.655669868
1724939764.074178219 -1.441636205 -0.501957715 1.900036454 -0.096136592 0.756958663 0.102548540 0.638165414
1724939764.407474756 -1.459517598 -0.512759089 1.931481838 -0.094562054 0.775059998 0.096356355 0.617296934
1724939764.942411661 -1.456263304 -0.512539387 1.941938877 -0.066125140 0.806767702 0.087690838 0.580571830
1724939765.778169632 -1.455659747 -0.530480266 1.934376717 -0.032294016 0.833617151 0.050146148 0.549112797
1724939765.978238106 -1.457483172 -0.539388061 1.932660580 -0.023349470 0.839490891 0.034817994 0.541754127
1724939766.111615181 -1.462336540 -0.541900337 1.929703116 -0.014660357 0.843404233 0.024477364 0.536521375
1724939766.411709547 -1.468492746 -0.553745389 1.926275849 -0.005257284 0.847095549 0.010980394 0.531301260
1724939766.578505993 -1.472157717 -0.558954656 1.923729777 0.003122586 0.846424878 0.001324803 0.532497346
1724939766.912612677 -1.477848887 -0.576279163 1.921881914 0.021601768 0.847013414 -0.024517849 0.530566216
1724939768.715767622 -1.497542262 -0.582390368 1.758520126 0.006958329 0.829378664 -0.016444972 0.558401465
1724939768.916245937 -1.498186469 -0.594495177 1.671811104 -0.002113552 0.823338568 -0.027384810 0.566885531
1724939769.150150061 -1.499625683 -0.610383749 1.575057387 -0.009623594 0.807748675 -0.040860984 0.588030577
1724939769.350650787 -1.500388622 -0.614455044 1.501832604 -0.010779045 0.791462600 -0.042265739 0.609659195
1724939769.551160812 -1.503376365 -0.616717815 1.438511372 -0.010503525 0.780126810 -0.038883194 0.624323606
1724939769.884419441 -1.510354161 -0.620742679 1.347856045 -0.008219873 0.782799900 -0.041713715 0.620819509
1724939770.051038265 -1.514742136 -0.616655886 1.291261673 -0.002456250 0.785923839 -0.028177746 0.617676079
1724939770.250972509 -1.521120429 -0.619174719 1.220048666 0.003580579 0.782719970 -0.006147087 0.622333288
1724939770.417576551 -1.544127941 -0.618233502 1.146396875 0.005292274 0.783835948 -0.005178708 0.620923817
1724939770.584183693 -1.568050504 -0.609673440 1.077912211 0.005016471 0.773452640 0.001444694 0.633832514
1724939770.817464590 -1.616590738 -0.609297097 0.972517669 -0.011352013 0.750336766 0.003647921 0.660948157
1724939771.084055662 -1.656565189 -0.613594532 0.866458654 -0.028605919 0.719896555 0.031251583 0.692787111
1724939771.483909607 -1.645800591 -0.597114801 0.743162990 -0.014713893 0.688065231 0.012409333 0.725393474
1724939771.917133331 -1.609286547 -0.606253445 0.672267914 -0.031447519 0.666778922 0.026478970 0.744120896
1724939772.150397301 -1.605072498 -0.619382381 0.629221797 -0.029796915 0.630105138 0.032761883 0.775245965
1724939772.516928434 -1.626033425 -0.627833545 0.551301777 -0.061681055 0.560791731 0.013784475 0.825541079
1724939773.750631571 -1.637108088 -0.618903816 0.404088080 -0.052393068 0.550511658 0.011133577 0.833107412
1724939774.051703453 -1.621224642 -0.614217341 0.376341999 -0.051446956 0.569994509 0.009593958 0.819980145
1724939774.285913706 -1.606410265 -0.612109959 0.346581697 -0.034889434 0.585578442 0.006279952 0.809840202
1724939774.453230381 -1.577047706 -0.608514726 0.321504653 -0.021303531 0.601804078 0.008881213 0.798310280
1724939774.753588438 -1.546883702 -0.612158954 0.282569289 -0.014144524 0.614974499 0.009476621 0.788363099
1724939774.986864805 -1.497831821 -0.619258583 0.251334965 -0.003781100 0.638970912 -0.003979999 0.769211292
1724939775.220127821 -1.477064252 -0.632825971 0.220045090 0.000896474 0.666637957 0.000201557 0.745381117
1724939775.420057774 -1.475535750 -0.649856567 0.174832463 0.003368646 0.677066267 0.000461135 0.735914230
1724939775.653420687 -1.465741515 -0.658281326 0.112171054 0.005573970 0.682110906 -0.006795941 0.731195927
1724939775.953632116 -1.426122069 -0.618241847 0.041505575 0.006201938 0.682020545 -0.027946509 0.730772555
1724939776.120413780 -1.422505975 -0.675080359 -0.099664807 -0.012049686 0.676708639 -0.027422035 0.735641360
1724939776.920655012 -1.296199441 -0.680918932 -0.246624708 -0.001140741 0.682319343 -0.022786448 0.730698168
1724939778.353421211 -1.140711546 -0.878565431 -0.581351519 -0.081540585 0.670522630 0.007672206 0.737354517
1724939778.619959354 -1.066013217 -0.959104478 -0.536371112 -0.071222544 0.689560413 0.045979060 0.719249487
1724939778.819904566 -1.065089226 -0.908255160 -0.634558320 -0.067915656 0.707347333 0.052988347 0.701597810
1724939779.119802713 -1.038200021 -0.892957747 -0.731968880 -0.041445259 0.694465637 0.056943819 0.716070652
1724939779.386359692 -1.013602614 -0.986575723 -0.757989764 -0.067368560 0.691615224 0.053439017 0.717129171
1724939779.619582415 -1.032504797 -0.944579363 -0.862928987 -0.052964259 0.691114128 0.045099150 0.719390094
1724939780.454699755 -1.009914279 -0.985028565 -0.971611500 -0.039109234 0.658294857 0.051523980 0.749975741
1724939780.688456774 -0.973523021 -1.037552476 -1.003592610 -0.087824747 0.653678000 0.053973898 0.749719083
1724939780.921980143 -0.960975111 -1.029196501 -1.023228407 -0.108900152 0.644644797 0.073210455 0.753136158
1724939782.555670977 -1.197442293 -0.844745815 -1.222538948 -0.107308440 0.640631080 0.012369727 0.760212958
1724939783.489923954 -1.361990213 -0.761665344 -1.188151121 -0.087001421 0.677558720 0.023364490 0.729930878
1724939783.690082550 -1.381591558 -0.752011657 -1.168509483 -0.083262771 0.701534629 0.021923879 0.707414925
1724939784.223364592 -1.431555033 -0.710563004 -1.079312325 -0.049175289 0.756401658 0.032338426 0.651454151
1724939784.656663895 -1.491020322 -0.675676703 -1.013635874 -0.036299735 0.752925456 0.027713403 0.656519353
1724939784.990424395 -1.534170628 -0.646033943 -1.011863112 -0.057483602 0.728939474 0.042568401 0.680831075
1724939785.591277122 -1.592577696 -0.603157461 -1.021056652 -0.034514628 0.769809783 0.029602163 0.636651695
1724939785.991395473 -1.649152517 -0.576078236 -1.014030457 -0.018250108 0.786318600 0.005063589 0.617530882
1724939786.258100986 -1.681306362 -0.562540233 -1.010906339 -0.011824582 0.801832497 0.010028165 0.597347736
1724939786.424786806 -1.684779763 -0.549725235 -1.012830615 -0.005123906 0.821579635 0.005000629 0.570048809
1724939786.758162498 -1.692330599 -0.531012177 -1.010271788 -0.003825967 0.834257722 0.005986783 0.551329017
1724939787.258229733 -1.704448462 -0.527534127 -1.023580432 -0.002465108 0.847292602 0.014138786 0.530932426
1724939787.758282661 -1.691670656 -0.521184087 -1.034321427 0.004395453 0.864976048 0.027398987 0.501045346
1724939787.958317041 -1.695731640 -0.519948125 -1.044387937 0.004147349 0.873905122 0.031396676 0.485063821
1724939788.125008345 -1.699257851 -0.522421122 -1.053073406 0.003350321 0.883459985 0.029771745 0.467547774
1724939788.291695595 -1.704920530 -0.522697866 -1.057664871 0.001982642 0.891308963 0.025165515 0.452693194
1724939788.758415937 -1.715441465 -0.522267640 -1.059401274 0.003389611 0.903003097 0.024014799 0.428948998
1724939789.158472538 -1.711616516 -0.506799281 -1.071005583 0.004143847 0.913006783 0.042088091 0.405746400
1724939790.026727438 -1.591338277 -0.527060628 -1.116554022 0.000151238 0.935897827 0.037782859 0.350239456
1724939790.227550507 -1.551002741 -0.512738347 -1.095470548 -0.002465964 0.941192269 0.038350146 0.335678935
1724939790.428405523 -1.538359165 -0.517123401 -1.101008892 -0.014408823 0.947600067 0.043009993 0.316222519
1724939790.629289150 -1.531557441 -0.517397702 -1.083719015 -0.005245291 0.953429937 0.038300887 0.299127012
1724939790.829322577 -1.529053092 -0.532746673 -1.045619845 -0.006109723 0.964162290 0.024142914 0.264141768
1724939791.029350042 -1.513105750 -0.542642653 -0.989345789 0.001105660 0.962570131 0.031978842 0.269137323
1724939791.262708187 -1.506090403 -0.546039045 -0.941386878 -0.001794942 0.961228371 0.040748909 0.272720218
1724939791.529394150 -1.506452084 -0.557962060 -0.884409130 0.003266581 0.955371857 0.034773346 0.293333799
1724939791.762823105 -1.506831527 -0.571320534 -0.835548818 0.011131001 0.946900845 0.037237909 0.319168001
1724939791.996317387 -1.515907764 -0.600091875 -0.821010232 0.004378757 0.936918437 0.038181804 0.347428888
1724939792.229814529 -1.520449162 -0.634166479 -0.824534178 -0.001374517 0.924277484 0.037443697 0.379877895
1724939792.496671915 -1.520998955 -0.690569580 -0.844077885 -0.005299269 0.918385625 0.043980770 0.393199146
1724939792.763469458 -1.508388281 -0.700480163 -0.856622934 -0.032131158 0.898819089 0.047421280 0.434560895
1724939792.996857166 -1.491985321 -0.696178079 -0.841039538 -0.040895212 0.877180099 0.046536483 0.476148069
1724939793.230238199 -1.500737667 -0.709286034 -0.817981601 -0.039627384 0.848130941 0.044334631 0.526439071
1724939793.530290127 -1.504506707 -0.706009746 -0.797529459 -0.028635828 0.821067393 0.035406500 0.569012046
1724939794.130422592 -1.512556076 -0.714564383 -0.729237437 -0.017173935 0.769705951 0.059243366 0.635411799
1724939796.732505322 -1.509059191 -0.684061050 -0.680190802 -0.015214196 0.826853156 0.075316571 0.557144344
1724939797.266090155 -1.544735074 -0.663679540 -0.658303499 -0.003224499 0.861964405 0.090952657 0.498732954
1724939797.666270018 -1.580158234 -0.647860765 -0.649037123 0.001245026 0.887124658 0.105734125 0.449253350
1724939798.066465855 -1.610513926 -0.636493504 -0.636148930 0.015642645 0.912996173 0.099234231 0.395405978
1724939798.399955034 -1.634116650 -0.610283732 -0.619614244 0.024398174 0.929252267 0.099204257 0.355040073
1724939799.300374746 -1.672419786 -0.590639591 -0.597943127 0.018072929 0.948165119 0.100211859 0.301021308
1724939799.700554609 -1.694432497 -0.575695813 -0.587813139 0.012756630 0.954495728 0.114647560 0.275011122
1724939800.000697374 -1.710464835 -0.572636187 -0.587201655 0.011364399 0.960586131 0.122378379 0.249336466
1724939800.267486095 -1.722372651 -0.555788457 -0.586438060 0.011156425 0.964953721 0.134775922 0.224889636
1724939800.567618608 -1.737361670 -0.536711514 -0.613239050 0.000495833 0.970848441 0.144547835 0.191204026
1724939800.801064253 -1.721235991 -0.528690875 -0.601755202 -0.015434539 0.975452602 0.135268286 0.173079595
1724939802.335124016 -1.719181299 -0.520004809 -0.593772948 -0.006791942 0.975587308 0.124491356 0.180790395
1724939802.701957464 -1.703675508 -0.527448118 -0.570850253 -0.008056702 0.971905053 0.108125113 0.208912894
1724939803.068800926 -1.709978342 -0.551010311 -0.581466615 0.009103656 0.966164231 0.083723038 0.243791327
1724939804.936337233 -1.750937939 -0.511879563 -0.621354163 0.042045482 0.963646293 0.094135515 0.246488497
1724939805.436568022 -1.713650107 -0.548774302 -0.657053471 0.022886015 0.970085204 0.104957998 0.217703521
1724939806.038330078 -1.644622207 -0.519422829 -0.646862566 0.050325394 0.958104789 0.126097634 0.252194375
1724939806.306190729 -1.582159519 -0.531768322 -0.596008420 0.026121341 0.963686645 0.145463452 0.222409785
1724939806.641101837 -1.511325479 -0.535811901 -0.466409743 0.061055582 0.969005108 0.137220010 0.196142748
1724939806.907898664 -1.481513619 -0.551878810 -0.422983110 0.032683928 0.976033449 0.123640299 0.176078394
1724939807.174691439 -1.482657790 -0.563820601 -0.419413060 0.034095120 0.976209760 0.102259643 0.188135743
1724939807.942424774 -1.497430563 -0.563620090 -0.405767798 0.011806229 0.971839666 0.075879261 0.222779483
1724939808.310185432 -1.484502196 -0.589871943 -0.290797412 0.003755988 0.976689637 0.046679772 0.209485859
1724939808.577680588 -1.479102612 -0.588606775 -0.185366631 0.014693555 0.976655662 0.049161535 0.208592921
1724939808.877956390 -1.467591286 -0.605293512 -0.099640489 0.017517421 0.971150219 0.056693655 0.230968088
1724939809.211373091 -1.478026152 -0.617694020 -0.062210917 0.000919868 0.962315440 0.047523450 0.267749429
1724939809.478097200 -1.478035569 -0.624293745 -0.042746544 -0.006684611 0.950904846 0.044565428 0.306184828
1724939809.778418064 -1.490063667 -0.652512014 0.002616882 -0.025201870 0.941240311 0.030170651 0.335441858
1724939810.112620831 -1.496643305 -0.676310241 0.096596837 -0.024339365 0.933708429 0.018654989 0.356718659
1724939810.547136784 -1.495324373 -0.678375185 0.267447948 -0.014074299 0.922966778 0.040335804 0.382501394
1724939811.047657490 -1.480205297 -0.710465491 0.370883703 -0.024387389 0.909315646 0.054413211 0.411812544
1724939812.081092596 -1.457104445 -0.778369188 0.485204816 -0.027178535 0.887178659 0.032866113 0.459451050
1724939812.481059551 -1.406831622 -0.798002243 0.601382971 -0.016895747 0.879128456 0.047462888 0.473914534
1724939812.947690248 -1.345014930 -0.826731265 0.692133665 -0.012769398 0.880551040 0.055419266 0.470526993
1724939813.580963850 -1.210109115 -0.842131197 0.742265701 -0.012499047 0.897721112 0.051398784 0.437377095
1724939814.147620201 -1.059790373 -0.880454600 0.787580013 -0.016341532 0.900978088 0.033862848 0.432232261
1724939814.880921125 -0.957778752 -0.859986424 0.848363638 -0.016835157 0.927855730 0.035479188 0.370866001
1724939815.280905962 -0.876034439 -0.865456223 0.908485889 -0.002524638 0.939968050 0.075254299 0.332852066
1724939815.680861235 -0.828398347 -0.863336444 0.930343032 0.011279296 0.951049268 0.109459080 0.288785070
1724939816.280862093 -0.762759209 -0.849941969 0.918200135 0.000698614 0.961387932 0.099629432 0.256528288
1724939816.747497320 -0.652923763 -0.864248157 0.901197433 -0.019708419 0.965063334 0.077741489 0.249440551
1724939817.214169025 -0.582109571 -0.873089910 0.883242846 -0.010741427 0.971772194 0.050976753 0.230097651
1724939817.647472620 -0.535753429 -0.853909194 0.873505354 -0.021658076 0.982569396 0.058509436 0.175114438
1724939818.080802917 -0.467992604 -0.844379842 0.894023657 -0.014373129 0.990353346 0.058577508 0.124749236
1724939818.480779409 -0.399092019 -0.837501943 0.923219323 0.005037902 0.992963076 0.065950565 0.098231919
1724939818.914096117 -0.356238574 -0.820960462 0.933768988 0.010677504 0.993009865 0.088568136 0.077285998
1724939819.314094782 -0.312069893 -0.815880775 0.910912633 0.002976655 0.994195759 0.099788062 0.040103465
1724939819.714065313 -0.251516908 -0.798418283 0.877242804 0.011638573 0.995057583 0.098149732 0.009568889
1724939820.080736160 -0.216297388 -0.809344649 0.826017201 -0.035214480 -0.994556725 -0.091710880 0.034728445
1724939820.414051771 -0.177621901 -0.801028252 0.791734338 -0.019896312 -0.992445767 -0.088868752 0.082206897
1724939820.747363329 -0.138389111 -0.795089781 0.755566657 -0.004965397 -0.986944497 -0.101152584 0.125235841
1724939821.048067331 -0.110133410 -0.785907984 0.719032884 -0.018356873 -0.983644664 -0.104477592 0.145570025
1724939821.348794222 -0.070382655 -0.791239858 0.672789216 -0.030663483 -0.977907360 -0.110911377 0.174515530
1724939821.682962418 -0.028440952 -0.781240761 0.632703304 -0.038814913 -0.968303740 -0.114650652 0.218486890
1724939821.950014353 -0.003274679 -0.772232056 0.613553882 -0.045892894 -0.961217284 -0.119402267 0.244332314
1724939822.350479603 0.020264745 -0.752112865 0.578716338 -0.041410875 -0.950317740 -0.123411819 0.282755792
1724939822.750984192 0.031229854 -0.738846123 0.524845243 -0.058083482 -0.944347858 -0.112469882 0.303618193
1724939822.984318495 0.046839654 -0.736122549 0.480231553 -0.060094118 -0.935359180 -0.113127813 0.329687715
1724939823.317636013 0.053087026 -0.726317585 0.429674894 -0.080019832 -0.924946606 -0.109932475 0.354944319
1724939823.584275246 0.064473242 -0.726402164 0.390437841 -0.070653424 -0.911209583 -0.113041066 0.389778048
1724939823.851047993 0.086283356 -0.723215222 0.353800923 -0.065624394 -0.903606832 -0.120954044 0.405657828
1724939824.084695816 0.120582998 -0.726932287 0.324356407 -0.068339996 -0.897599995 -0.123697743 0.417543828
1724939824.318360806 0.175569847 -0.734726787 0.293392599 -0.072006077 -0.897684574 -0.125169799 0.416305274
1724939824.518658876 0.237735987 -0.733295798 0.271672457 -0.076323569 -0.899512649 -0.121558987 0.412644058
1724939824.819039345 0.300849885 -0.716975927 0.242315650 -0.061946299 -0.912140369 -0.109409392 0.390118212
1724939825.152448654 0.342705131 -0.698899865 0.211349428 -0.040270653 -0.918735743 -0.084382430 0.383643776
1724939825.419167280 0.361240596 -0.691119671 0.168500662 -0.030981928 -0.918621063 -0.059215300 0.389447004
1724939825.685876369 0.362506241 -0.682449400 0.109118819 -0.011939760 -0.910865307 -0.033532888 0.411166012
1724939825.919473171 0.377645671 -0.681296229 0.055785060 -0.013387445 -0.914487243 -0.002803640 0.404383510
1724939826.186566114 0.381200492 -0.668735981 0.012847155 -0.003020347 -0.906975448 -0.011024618 0.421028465
1724939826.453685760 0.384913206 -0.670294523 -0.033146530 0.008811905 -0.882011056 -0.009582846 0.471048951
1724939826.687437057 0.400933027 -0.667393208 -0.080064207 0.007516163 -0.860261798 -0.004908257 0.509773493
1724939827.021046638 0.427686334 -0.673641801 -0.170494080 -0.011768786 -0.843914807 -0.013588126 0.536176085
1724939827.354569912 0.448135197 -0.685005546 -0.264490813 -0.034316733 -0.840935707 -0.008370610 0.539981008
1724939827.754794598 0.443890870 -0.680122793 -0.323330343 -0.027888488 -0.816911697 -0.012499901 0.575952470
1724939828.121634960 0.434169233 -0.678220749 -0.376416057 -0.020707093 -0.789510846 0.024708144 0.612889469
1724939828.555162668 0.409220159 -0.669800639 -0.466080785 -0.046647750 -0.751398146 0.024818081 0.657730103
1724939828.855296850 0.415743470 -0.660221636 -0.530191302 -0.048410177 -0.751409173 0.000086150 0.658058286
1724939829.288833141 0.434285849 -0.649382830 -0.598845780 -0.045364652 -0.736905634 -0.016361475 0.674273252
1724939829.588966846 0.454362988 -0.655444443 -0.672575474 -0.060353015 -0.701721728 -0.015915731 0.709711790
1724939830.055855989 0.464823902 -0.678407311 -0.803426564 -0.071773857 -0.662692308 0.002483981 0.745440304
1724939830.422699213 0.419608057 -0.708290875 -0.868675888 -0.073448226 -0.638903439 0.003096703 0.765766382
1724939830.856234550 0.293278456 -0.740782320 -0.909524560 -0.064481638 -0.638276398 -0.012102064 0.767006457
1724939831.256418705 0.161414146 -0.742937744 -0.916920185 -0.049596950 -0.649749100 -0.024013730 0.758148789
1724939831.656593084 0.035749078 -0.784453750 -0.951028466 -0.050440408 -0.627958894 -0.045088254 0.775300324
1724939832.090129852 -0.052983999 -0.798110306 -0.981901765 -0.080465056 -0.618924797 -0.049260691 0.779763401
1724939832.790525436 -0.163989782 -0.815265536 -0.892884016 -0.058444027 -0.638469100 -0.043760974 0.766176522
1724939833.158229828 -0.214345038 -0.832314968 -0.812266529 -0.043450225 -0.650455773 -0.060562547 0.755877972
1724939833.559419632 -0.242693543 -0.863174677 -0.769389272 -0.052624099 -0.644777417 -0.067788631 0.759537697
1724939834.326839924 -0.156584620 -0.845816612 -0.758012474 -0.036009867 -0.661391318 -0.064909011 0.746358991
1724939834.793595791 -0.063565731 -0.891409338 -0.744440913 -0.046218444 -0.666876435 -0.086310185 0.738708496
1724939835.260382414 0.014606446 -0.876428604 -0.686356783 -0.044061460 -0.648018241 -0.083289370 0.755773604
1724939835.693805218 0.056776166 -0.857493520 -0.573240399 -0.035573505 -0.660207927 -0.068607755 0.747096360
1724939836.594009638 0.114029191 -0.807301939 -0.341673702 -0.005251022 -0.698713422 -0.087052032 0.710066140
1724939837.094576120 0.167212144 -0.834375381 -0.335734367 -0.016781762 -0.721067905 -0.068217047 0.689293742
1724939837.695652723 0.204805955 -0.855486989 -0.303520203 -0.030491231 -0.736844659 -0.064234696 0.672312498
1724939838.029882431 0.147079319 -0.900427938 -0.336430132 -0.044597719 -0.714641571 -0.073671818 0.694169223
1724939838.063313961 0.161031559 -0.872150064 -0.313655853 -0.038966961 -0.711365044 -0.069949239 0.698246717
1724939838.464525461 0.126450837 -0.827928782 -0.193355680 -0.028207645 -0.692383587 -0.082846768 0.716202378
1724939840.765895605 0.024734646 -0.780340493 -0.658060968 -0.074160554 -0.628152907 -0.039602607 0.773534596
1724939841.400917530 -0.003711551 -0.764395595 -0.819965482 -0.060667481 -0.562693059 -0.042969704 0.823316216
1724939842.035408497 0.044653594 -0.788454175 -0.967742562 -0.094503544 -0.509237885 -0.059254248 0.853366733
1724939843.535406828 0.027104244 -0.997312725 -0.743226528 -0.074926794 -0.480114222 -0.075796805 0.870707333
1724939843.968708754 -0.062598884 -1.067942619 -0.750110447 -0.090383418 -0.467884272 -0.061851520 0.876977503
1724939844.601998329 -0.047127843 -1.165988922 -0.736248434 -0.093005061 -0.469228238 -0.026435520 0.877767682
1724939845.035302401 0.067132249 -1.134344935 -0.647822559 -0.062301595 -0.434868932 -0.058171690 0.896450579
1724939845.368628263 0.115417391 -1.114037275 -0.601344168 -0.054819267 -0.398679435 -0.075356394 0.912343681
1724939845.768592358 0.288832486 -1.094042420 -0.484910756 -0.044992492 -0.390075535 -0.101374812 0.914078772
1724939846.302978277 0.333535850 -1.007814169 -0.513364613 -0.056760557 -0.369686544 -0.125678435 0.918866217
1724939847.204334259 0.342013359 -0.953732729 -0.696679711 -0.086731032 -0.341259778 -0.082078479 0.932353258
1724939847.804136038 0.395559013 -0.928039610 -0.709050000 -0.078812271 -0.317620754 -0.086716913 0.940949440
1724939848.438689947 0.463167042 -0.852855265 -0.706814766 -0.064893216 -0.295934826 -0.081990331 0.949467778
1724939849.073189735 0.526129484 -0.789746344 -0.703084350 -0.067585163 -0.284869760 -0.064355209 0.954012513
1724939849.873943567 0.586583734 -0.721466005 -0.722183824 -0.040888552 -0.317837149 -0.044817477 0.946202457
1724939850.341630220 0.731268823 -0.681604326 -0.625718832 -0.025939060 -0.306209147 -0.041900273 0.950687885
1724939850.842773199 0.779982865 -0.632373512 -0.517946720 -0.040653635 -0.308154911 -0.034224786 0.949850798
1724939851.409262657 0.768149853 -0.627102017 -0.337228030 -0.047089577 -0.332749367 -0.025740147 0.941487074
1724939851.509205818 0.785725474 -0.635015249 -0.303166449 -0.035971668 -0.326404750 -0.039166056 0.943733037
1724939852.009115458 0.756718397 -0.629397571 -0.172158986 -0.031081371 -0.330140084 -0.032014295 0.942876756
1724939852.409781933 0.773593962 -0.661076546 -0.035022452 -0.010082082 -0.400692344 -0.018389001 0.915972650
1724939852.944028139 0.816848695 -0.670026422 0.133757591 -0.004701482 -0.508657992 -0.024253814 0.860614181
1724939853.576995134 0.700006127 -0.668671131 0.259017378 -0.000482079 -0.613363206 -0.030446278 0.789213777
1724939854.210145473 0.530435324 -0.651494086 0.486764371 -0.008257692 -0.690606534 -0.040241167 0.722063065
1724939854.877339125 0.376416564 -0.639918089 0.743435204 0.006301731 -0.781234741 -0.063028932 0.621015251
1724939855.277295113 0.238463402 -0.634852469 0.826939106 0.027449947 -0.820222974 -0.046932735 0.569454193
1724939855.710396051 0.065961242 -0.614773273 0.905444622 0.026585104 -0.843674779 -0.056925043 0.533165693
1724939856.143492460 -0.121343374 -0.592712522 1.007390857 0.009251977 -0.884476364 -0.060039900 0.462613404
1724939856.243448257 -0.168172240 -0.587561905 1.033354521 0.010826301 -0.897039652 -0.066348873 0.436807156
1724939856.310083628 -0.195802093 -0.581319988 1.051779509 0.004111317 -0.906689346 -0.073661044 0.415296972
1724939856.776495934 -0.420468688 -0.568659067 1.151908875 -0.008804836 -0.930362463 -0.099349834 0.352814078
1724939857.377697229 -0.727287650 -0.561235428 1.222192168 0.039980948 -0.935364008 -0.063056253 0.345716178
1724939857.912964821 -1.000481606 -0.544518173 1.289181828 0.049033195 -0.945327878 -0.056872159 0.317358673
1724939858.279785156 -1.157402039 -0.534179747 1.360352993 0.051258877 -0.961101651 -0.037493411 0.268794537
1724939858.812883854 -1.228976727 -0.560818970 1.460015059 0.031461988 -0.972368658 -0.002170908 0.231310755
1724939859.246647835 -1.213388085 -0.545871854 1.570248842 0.018247543 -0.992858112 -0.028365973 0.114434280
1724939859.614044905 -1.265791059 -0.553314269 1.665255070 -0.003953760 -0.996845067 -0.026227925 0.074809320
1724939859.914657831 -1.328327537 -0.557143152 1.749437451 -0.026927287 0.999619424 0.001142163 0.005886707
1724939860.347897291 -1.415911198 -0.558424234 1.885120153 -0.044014238 0.994149268 0.009249783 0.098206535
1724939860.914115906 -1.457735538 -0.556092501 2.121948481 -0.031233974 0.993450642 0.004192874 0.109830387
1724939861.680237055 -1.491170526 -0.575666010 2.338793516 -0.026775507 0.991813064 -0.022145014 0.122880109
1724939862.146753311 -1.544798851 -0.560337484 2.461116076 -0.026770981 0.990108788 -0.015903944 0.136802807
1724939862.647104740 -1.543509007 -0.548871100 2.590261698 -0.039040491 0.984618545 0.017183172 0.169431224
1724939863.180611372 -1.564342856 -0.551626444 2.759544611 -0.015189516 0.989332795 0.032632731 0.141155869
1724939863.980172396 -1.601261139 -0.527606428 2.978903532 -0.024094883 0.991418183 0.032993257 0.124180712
1724939864.548114777 -1.660980105 -0.543596387 3.113971233 -0.037488867 0.986707568 0.045342728 0.151482373
1724939865.049566269 -1.615651846 -0.569779873 3.219176292 -0.034029055 0.990176797 0.008901387 0.135324687
1724939865.584021807 -1.599562168 -0.572292268 3.376584053 -0.004614641 0.990785003 0.004274027 0.135297731
1724939866.018276215 -1.670246363 -0.580983579 3.449524641 0.001091876 0.994363070 0.012073072 0.105333574
1724939866.419466734 -1.731529832 -0.573459148 3.527939320 -0.002895220 0.994691968 0.017941892 0.101280056
1724939867.388286352 -1.712424517 -0.563000977 3.707284451 -0.003641208 0.994061947 0.017081505 0.107405014
1724939868.087839603 -1.783151507 -0.546020448 3.780795574 -0.003183985 0.988845468 0.022776412 0.147159055
1724939868.454718351 -1.874215603 -0.532306373 3.775791168 -0.013303352 0.977572918 0.009724760 0.209951565
1724939868.921675444 -1.999895811 -0.509745836 3.745508671 -0.038603257 0.959146798 0.040020432 0.277390748
1724939869.821485758 -2.088813782 -0.502506852 3.782438755 -0.026321750 0.956182420 0.030263970 0.290011078
1724939870.421973705 -2.241972685 -0.495364517 3.776776552 -0.051443949 0.913757622 0.038058538 0.401188284
1724939871.023230314 -2.315374851 -0.505071044 3.821300507 -0.039565381 0.896118104 0.033247184 0.440796524
1724939871.323791265 -2.343013525 -0.496825486 3.856699467 -0.038565382 0.882465661 0.064487271 0.464336574
1724939871.724496126 -2.347324848 -0.487265825 3.894350767 -0.038438484 0.875739872 0.069877259 0.476150513
1724939871.958247900 -2.360148430 -0.487518072 3.904660225 -0.041354068 0.869547844 0.064532071 0.487864792
1724939872.358739853 -2.402323723 -0.492190421 3.873792648 -0.031390574 0.859820068 0.047246937 0.507436514
1724939872.658963203 -2.458117247 -0.501285315 3.822381496 -0.029601349 0.872034013 0.032202259 0.487486929
1724939873.059246778 -2.497300863 -0.485292375 3.791676283 -0.032576840 0.851444721 0.041952830 0.521747768
1724939873.326044559 -2.509830475 -0.485162199 3.791105032 -0.045402933 0.833581567 0.040714834 0.549019754
1724939873.659482002 -2.526586771 -0.489500135 3.795623779 -0.048832241 0.809286118 0.035894033 0.584279895
1724939874.026270390 -2.540291309 -0.483786017 3.787394524 -0.048961516 0.792999685 0.030521583 0.606483936
1724939874.459462166 -2.553781986 -0.479302287 3.776575089 -0.043774247 0.781133652 0.034510970 0.621870577
1724939874.992316246 -2.531241417 -0.490764081 3.781874180 -0.039846729 0.772919834 0.045107812 0.631642580
1724939875.058915615 -2.526628256 -0.487935960 3.786544800 -0.039388292 0.770256102 0.045054916 0.634920597
1724939875.158811569 -2.516709328 -0.476007551 3.789848566 -0.045143377 0.769133389 0.038654223 0.636318922
1724939875.325515985 -2.503276348 -0.491030723 3.808001757 -0.050195832 0.771162093 0.038031384 0.633516371
1724939875.358867407 -2.508077860 -0.493272603 3.813857317 -0.049430858 0.768396020 0.039972864 0.636809587
1724939875.425570965 -2.490017414 -0.487632632 3.817594051 -0.051075801 0.762294590 0.039295603 0.644014060
1724939875.625684977 -2.462127924 -0.492258966 3.844312429 -0.050504148 0.756711841 0.038020045 0.650684953
1724939875.825803757 -2.396073818 -0.484534204 3.860984802 -0.054151952 0.746743262 0.035219651 0.661968112
1724939875.925864697 -2.355473757 -0.492423713 3.861863136 -0.053620890 0.756742239 0.024557248 0.651047647
1724939876.025927067 -2.336671829 -0.508853614 3.886493921 -0.045907710 0.759173810 0.023411358 0.648844779
1724939876.192700148 -2.290812969 -0.498386294 3.922182083 -0.034326278 0.762552917 0.017102960 0.645788133
1724939876.359279871 -2.240219593 -0.522474885 3.945279837 -0.021428030 0.767722547 0.027737021 0.639823079
1724939877.225362539 -2.015427589 -0.523711145 3.978048801 -0.015793359 0.774641931 0.005632163 0.632177770
1724939877.358625650 -1.970515251 -0.521805346 3.962928534 -0.017863844 0.787111521 -0.009566821 0.616477787
1724939877.625134706 -1.893132687 -0.542055845 3.937957764 0.000234440 0.799796164 -0.017752375 0.600009084
1724939878.091470480 -1.795329094 -0.551791191 3.912814617 -0.004144064 0.820601285 -0.016481429 0.571248412
1724939878.558710098 -1.636547089 -0.548305809 3.934328318 -0.005948397 0.843425274 -0.010603205 0.537108898
1724939878.792466164 -1.543253422 -0.557180464 3.969610453 0.010104121 0.858910382 -0.014761929 0.511813521
1724939879.026227474 -1.456305981 -0.563069582 3.988749027 0.023574278 0.863265216 -0.001852062 0.504196286
1724939879.226512432 -1.389030933 -0.573068380 3.989080429 0.020983910 0.862554848 0.012016685 0.505385399
1724939879.492973804 -1.302057266 -0.571610332 3.963154078 0.015584031 0.857005060 -0.000283930 0.515072227
1724939879.726105452 -1.248988152 -0.591116011 3.959340811 0.018686334 0.852661073 -0.010982379 0.522014678
1724939880.292554140 -1.206700802 -0.588356137 3.948616505 0.012555105 0.836396754 -0.022843435 0.547504485
1724939880.793847322 -1.279626846 -0.584767997 3.985993147 0.006638472 0.826124907 0.002030957 0.563444316
1724939880.894118309 -1.296921730 -0.593322754 3.997514486 -0.001138227 0.814697146 0.011711720 0.579767287
1724939880.994393349 -1.302423477 -0.591171741 3.996218681 -0.014631348 0.793192685 0.021070156 0.608430207
1724939881.194953918 -1.353123188 -0.544686615 4.012130737 -0.026748283 0.790479422 0.019972349 0.611578226
1724939881.528453350 -1.438410282 -0.543569684 3.976462841 -0.009242835 0.797899365 0.006138375 0.602688491
1724939882.028724909 -1.606505394 -0.555034816 3.850350380 -0.031032434 0.782501936 -0.003462002 0.621864736
1724939883.062817812 -1.617183924 -0.550316095 3.587185621 -0.039277181 0.753926754 0.011102855 0.655689418
1724939883.129540682 -1.614838600 -0.549869776 3.574946165 -0.034933511 0.747976899 0.006026507 0.662777424
1724939883.262911320 -1.617990971 -0.553417206 3.556564808 -0.025955582 0.737582386 0.001437467 0.674756706
1724939883.396203041 -1.617408514 -0.561144173 3.525318146 -0.012871476 0.723064661 -0.002515602 0.690655828
1724939883.529489994 -1.637469292 -0.557520092 3.509802818 -0.008054664 0.703910708 -0.009511120 0.710179150
1724939883.662772417 -1.654463291 -0.563999891 3.489758968 -0.015885616 0.681397319 -0.010910125 0.731660068
1724939883.796050549 -1.666054249 -0.559115112 3.458681822 -0.029506901 0.659150481 -0.017493583 0.751228392
1724939883.929323673 -1.654582977 -0.556952298 3.438004255 -0.042527907 0.645831823 -0.027589798 0.761794865
1724939884.062592506 -1.660867929 -0.555189371 3.433371782 -0.045168687 0.627056539 -0.025176983 0.777255416
1724939884.229179621 -1.638475657 -0.557517946 3.413788319 -0.040004671 0.613797545 -0.026379805 0.788007915
1724939884.529065371 -1.622462988 -0.547122061 3.398642063 -0.029561270 0.611847818 -0.025940610 0.789997101
1724939884.895558357 -1.476552486 -0.550306737 3.377997398 -0.030004434 0.619353831 -0.021427890 0.784245789
1724939885.728520870 -1.181659937 -0.547852635 3.331759214 -0.013042369 0.639284372 -0.007371816 0.768824458
1724939886.028373480 -1.065487623 -0.561020136 3.294164419 -0.022005890 0.619947612 -0.027751004 0.783843458
1724939886.194948435 -1.043042421 -0.571768880 3.271938086 -0.010196021 0.617487073 -0.030475613 0.785924375
1724939886.361780167 -1.014444351 -0.562758684 3.252906561 -0.019020887 0.608743012 -0.023826595 0.792781472
1724939886.561987400 -0.997651100 -0.559243143 3.240648508 -0.025567362 0.619946718 -0.017513311 0.784031689
1724939886.695463896 -0.978121519 -0.559907138 3.243208885 -0.038155630 0.616273224 -0.008457476 0.786562085
1724939886.895686626 -0.972095966 -0.546932220 3.259150267 -0.057595849 0.603022635 0.003725661 0.795633435
1724939887.029173613 -0.963770628 -0.535398364 3.264640570 -0.070565701 0.604926825 0.011275131 0.793068051
1724939887.162664890 -0.943465471 -0.530004978 3.284670830 -0.080404490 0.616317809 0.011846138 0.783292532
1724939887.396276951 -0.948511124 -0.525922775 3.343321085 -0.096933030 0.628570318 0.019219076 0.771449268
1724939887.529776096 -0.941042423 -0.518742561 3.369782925 -0.103241704 0.636806428 0.030752763 0.763461232
1724939887.663280487 -0.931884527 -0.512678862 3.392164469 -0.102430098 0.638110638 0.050498847 0.761428177
1724939887.830168247 -0.933575392 -0.504085660 3.413663387 -0.109026752 0.637571812 0.074949242 0.758945286
1724939888.598714113 -0.943228006 -0.504065275 3.452148676 -0.090759896 0.640343726 0.070151590 0.759474397
1724939888.866347313 -0.932084322 -0.516228616 3.447432995 -0.065073229 0.642604291 0.056656942 0.761324644
1724939889.100563526 -0.941162348 -0.534706414 3.455797672 -0.049040567 0.632956624 0.033978660 0.771884978
1724939889.267619133 -0.926435471 -0.529466987 3.458591461 -0.028114550 0.624578714 0.013351172 0.780341446
1724939889.534288883 -0.924161196 -0.552257597 3.476958275 0.003596879 0.618353724 -0.001970206 0.785889208
1724939890.568395376 -0.915998936 -0.562662840 3.487305880 0.027451945 0.605195165 -0.016788276 0.795426548
1724939891.936566591 -0.879199266 -0.514067769 3.525447845 -0.059054755 0.623122036 0.034012880 0.779149950
1724939892.136496067 -0.878173828 -0.506246686 3.515475750 -0.062066749 0.609058261 0.037719790 0.789793015
1724939892.936276913 -0.913174152 -0.502469778 3.375251532 -0.054675043 0.587053537 0.026210913 0.807274282
1724939893.102883339 -0.928153038 -0.500529826 3.320663691 -0.056118034 0.564409256 0.025179623 0.823200464
1724939893.236164331 -0.971536040 -0.481466353 3.262288570 -0.057867799 0.534525990 0.027598705 0.842716813
1724939893.369472265 -0.963071346 -0.510172844 3.234770298 -0.069522075 0.510556459 0.029408805 0.856524289
1724939893.502775669 -0.947948694 -0.494213730 3.245597363 -0.079687998 0.499775529 0.024731973 0.862126768
1724939893.636074781 -0.966491342 -0.500775278 3.234279156 -0.078418963 0.498384714 0.026103793 0.863007367
1724939893.802692890 -0.950917840 -0.523856997 3.225623369 -0.072695687 0.503959000 0.014718781 0.860537052
1724939893.902660608 -0.991854906 -0.502411723 3.216709614 -0.062366463 0.508866847 0.005361673 0.858566344
1724939894.002625942 -1.060820103 -0.506403446 3.172646999 -0.057809941 0.503339410 0.002939456 0.862147808
1724939894.102588892 -1.136974454 -0.508524358 3.137263536 -0.057206478 0.485524982 0.010147401 0.872290134
1724939894.235869646 -1.114302278 -0.486200869 3.158415079 -0.064213812 0.469995886 0.012467541 0.880241454
1724939894.336014509 -1.139898300 -0.486476630 3.150555849 -0.068117514 0.461009055 0.009123837 0.884730160
1724939894.436344385 -1.155628324 -0.479826927 3.136272907 -0.064872988 0.449910432 0.011497414 0.890640199
1724939894.536681414 -1.184780002 -0.491835266 3.119830847 -0.065626577 0.433575124 0.013416547 0.898624361
1724939894.871186733 -1.215868831 -0.511677980 3.085599899 -0.080121599 0.435086101 0.012841416 0.896725059
1724939895.005010128 -1.212873220 -0.529852748 3.079368830 -0.085600674 0.443709195 0.004078749 0.892063916
1724939895.138845205 -1.231551886 -0.530884624 3.024916172 -0.086865559 0.460892349 0.000580750 0.883194387
1724939895.239229679 -1.210509300 -0.502497435 3.004401207 -0.083624639 0.464066058 0.007363605 0.881813705
1724939895.472793818 -1.205823421 -0.486880451 2.945678473 -0.083147153 0.450717300 0.020476928 0.888550103
1724939895.606100798 -1.184190869 -0.442636341 2.893336773 -0.077715173 0.423225909 0.024983160 0.902339220
1724939895.739403963 -1.185335755 -0.468582213 2.890361309 -0.087944880 0.396333635 0.016283557 0.913739681
1724939895.872703314 -1.193444252 -0.493738413 2.868637323 -0.098760895 0.396567464 0.002543394 0.912674129
1724939896.339268446 -1.247866392 -0.510382473 2.848287344 -0.074900910 0.410068661 0.003051037 0.908968806
1724939896.472750664 -1.276881099 -0.487878919 2.797719717 -0.055999998 0.415706813 0.007292817 0.907743692
1724939896.606237888 -1.310153723 -0.475611746 2.766610384 -0.056632876 0.400163442 0.009643027 0.914641440
1724939896.739729404 -1.334598422 -0.493928790 2.752207994 -0.070344470 0.400116891 0.003339107 0.913754344
1724939897.040103197 -1.361988664 -0.543537736 2.782402277 -0.087802023 0.424063951 0.000462285 0.901365817
1724939897.173610449 -1.356964946 -0.518140852 2.742700338 -0.070198290 0.452702492 0.008134324 0.888856888
1724939897.340456963 -1.355718613 -0.505674779 2.732386112 -0.065856159 0.461308658 0.017984342 0.884609461
1724939897.640465736 -1.320360899 -0.522117853 2.779922009 -0.064438909 0.486822754 0.026930332 0.870704353
1724939897.807130337 -1.314419508 -0.512439489 2.790663242 -0.064523377 0.503357589 0.032638412 0.861047387
1724939898.007121563 -1.265260935 -0.543720782 2.836084604 -0.058791481 0.536900640 0.021100942 0.841329992
1724939898.240436077 -1.276734114 -0.506192684 2.860736609 -0.037950784 0.560136199 0.014588718 0.827402174
1724939898.540440083 -1.281919003 -0.501492858 2.906248093 -0.024720823 0.577956498 0.005080333 0.815677226
1724939898.740441561 -1.263539314 -0.491453767 2.940248966 -0.012130120 0.603009701 -0.007730549 0.797604203
1724939899.107093096 -1.222795010 -0.513507724 3.049233198 0.027678670 0.635733068 -0.009111634 0.771358848
1724939899.407081366 -1.205201626 -0.537648439 3.102654934 0.039711587 0.651919603 -0.017995296 0.757033765
1724939901.373739958 -1.554269075 -0.549009800 3.313351631 0.043060150 0.643906653 -0.048970215 0.762320042
1724939901.640414238 -1.653007269 -0.549677968 3.281761646 0.032508228 0.610754073 -0.052896846 0.789382398
1724939901.907076359 -1.759574175 -0.533517540 3.255522013 0.019565295 0.566483736 -0.049885716 0.822328866
1724939902.173726320 -1.814693689 -0.548809409 3.250795364 0.002743347 0.563187122 -0.047697853 0.824947059
1724939902.640395403 -1.984797239 -0.543146849 3.243818283 0.012931891 0.607132912 -0.037354384 0.793616474
1724939902.973725080 -2.159922600 -0.519943774 3.254958153 0.019220984 0.623793364 -0.010406021 0.781283557
1724939903.240375280 -2.282432795 -0.505885303 3.256282806 0.000238469 0.638491333 -0.006716712 0.769599676
1724939904.073703051 -2.539770126 -0.471211374 3.129916906 -0.039321456 0.619532526 -0.006202283 0.783960938
1724939904.507287502 -2.646248102 -0.464478672 3.119309664 -0.048165515 0.614644051 -0.002998972 0.787326992
1724939904.807718515 -2.729254961 -0.444463134 3.140506744 -0.058296274 0.590790749 0.015020998 0.804575801
1724939905.208338976 -2.819346189 -0.451973885 3.170073032 -0.081099093 0.565545797 0.037031062 0.819883823
1724939905.808628082 -2.917021751 -0.436432779 3.136343479 -0.077201307 0.565170944 0.038143232 0.820467472
1724939906.075350761 -2.919810534 -0.450134218 3.130076170 -0.081842639 0.535779953 0.051326867 0.838812947
1724939906.408885002 -2.888554096 -0.453115493 3.108238697 -0.072682351 0.513951361 0.048025213 0.853384376
1724939906.609214306 -2.851727724 -0.445354998 3.088158607 -0.066673696 0.495343387 0.041707691 0.865130067
1724939906.776167154 -2.808218718 -0.456418842 3.068013191 -0.070095323 0.477445036 0.027501522 0.875429332
1724939907.043314457 -2.742305756 -0.467009246 3.035231590 -0.082662247 0.436639965 0.018024448 0.895649314
1724939907.243693352 -2.700056553 -0.471949548 3.010005236 -0.086478278 0.410591602 0.011865911 0.907631636
1724939907.410539150 -2.669903994 -0.459969193 2.995171070 -0.086700387 0.407153100 -0.005454702 0.909219265
1724939907.610639334 -2.632454634 -0.444916606 2.991296530 -0.084121726 0.438196331 -0.013613809 0.894830823
1724939907.744038105 -2.623174667 -0.463654697 2.985090971 -0.086534247 0.453068227 -0.006255520 0.887243986
1724939907.977483511 -2.593805790 -0.464821577 3.002632618 -0.076238856 0.482655168 -0.001265194 0.872484982
1724939908.277623415 -2.549479485 -0.494063556 3.068036795 -0.067967072 0.519356072 0.004496141 0.851838887
1724939908.511071682 -2.516157866 -0.496189117 3.127141476 -0.061002094 0.555259347 0.003174747 0.829431057
1724939908.877915621 -2.505288839 -0.480392218 3.197771788 -0.036503658 0.586323857 0.014260196 0.809128225
1724939910.211915016 -2.497809887 -0.448856950 3.203488588 -0.054305699 0.600104690 0.048023250 0.796629786
1724939910.747096300 -2.436346054 -0.453805238 3.126929522 -0.074143797 0.562233388 0.039844207 0.822683930
1724939911.081922054 -2.365261078 -0.470945716 3.070923805 -0.093139514 0.525304139 0.024444593 0.845448434
1724939911.416403294 -2.326499462 -0.444806963 3.032059431 -0.123209596 0.495250285 0.024720630 0.859613597
1724939911.649849653 -2.302566528 -0.444254756 3.036508083 -0.138662487 0.483128458 0.021179071 0.864240170
1724939911.883292437 -2.301187992 -0.445950747 3.024632454 -0.143094942 0.468320727 0.021351308 0.871632814
1724939912.150080919 -2.306066513 -0.449068964 3.023232698 -0.147977352 0.443017125 0.026386721 0.883822560
1724939912.450525761 -2.313911915 -0.448822260 3.014570951 -0.155567840 0.425683975 0.030090310 0.890890777
1724939912.684524059 -2.314974308 -0.448944926 3.016537189 -0.159755245 0.415343910 0.030263029 0.895015061
1724939912.818246841 -2.319641590 -0.447846055 3.022980213 -0.160058796 0.404368997 0.033391066 0.899862230
1724939913.186018705 -2.333508492 -0.445182621 3.027042150 -0.167713925 0.373650283 0.036108583 0.911566615
1724939913.419791222 -2.336999893 -0.441060066 3.031528473 -0.172591299 0.353029937 0.042833559 0.918557227
1724939913.653181076 -2.335499763 -0.444892883 3.036541462 -0.174401477 0.339980870 0.042398427 0.923146546
1724939913.819884539 -2.337472439 -0.448867768 3.033049822 -0.168723747 0.330458373 0.037301864 0.927867591
1724939914.119941711 -2.335306883 -0.442830086 3.033130407 -0.166779444 0.321802020 0.035362281 0.931331098
1724939914.753417253 -2.322696209 -0.441540182 3.013031483 -0.163517565 0.323569864 0.037581578 0.931210101
1724939915.886996031 -2.300072908 -0.454056025 3.006021261 -0.137300402 0.382013738 0.028873414 0.913444281
1724939916.387094259 -2.291031599 -0.469011277 2.992017746 -0.099035822 0.412757307 0.023110274 0.905146003
1724939916.553808689 -2.292542458 -0.467551321 3.000416756 -0.088956095 0.439567268 0.008936873 0.893749177
1724939916.887228251 -2.289044380 -0.489979446 3.020340919 -0.070849918 0.463141918 -0.001707741 0.883446038
1724939917.187295675 -2.285766602 -0.495463789 3.015466928 -0.045142312 0.480145961 -0.010814190 0.875959516
1724939917.420683861 -2.287202120 -0.491208285 3.003650665 -0.028156124 0.485730976 -0.011239403 0.873582482
1724939917.854124069 -2.301068068 -0.492379487 2.977077246 -0.033920065 0.471153945 -0.000211527 0.881398559
1724939917.987485647 -2.303201199 -0.488315284 2.979506254 -0.044237386 0.466229945 0.003010086 0.883551717
1724939918.220863581 -2.300504684 -0.490929008 2.986011505 -0.067058489 0.462345093 0.003895170 0.884152114
1724939918.454248667 -2.301018715 -0.482642263 2.989403725 -0.077965334 0.454041928 0.007320531 0.887532413
1724939918.687636852 -2.308007717 -0.471712112 2.981603384 -0.096908242 0.445431858 0.011883284 0.889976442
1724939918.987697124 -2.308151484 -0.455536395 2.984400034 -0.128315344 0.430313468 0.021211213 0.893261254
1724939919.287746191 -2.310595751 -0.440511823 3.004550457 -0.155110285 0.420728654 0.022960497 0.893532872
1724939919.454452991 -2.315364122 -0.434826136 3.013176203 -0.168388605 0.400840044 0.031408999 0.899992287
1724939919.754522800 -2.318146229 -0.438255370 3.014533520 -0.189674497 0.374033064 0.046072051 0.906642258
1724939920.121259928 -2.329786777 -0.441109121 3.025505543 -0.187511280 0.342527866 0.038655996 0.919793427
1724939920.588026762 -2.329474926 -0.430339992 3.033962011 -0.191788748 0.301151663 0.034475673 0.933453918
1724939921.154809952 -2.289824486 -0.419220626 3.077029467 -0.190507203 0.255405635 0.039880324 0.947039902
1724939921.421530962 -2.247256756 -0.420341969 3.120733738 -0.192153156 0.223589480 0.034435801 0.954934061
1724939921.754946232 -2.165791750 -0.423873246 3.189414501 -0.194607958 0.183184728 0.010191210 0.963570058
1724939922.021668673 -2.111343861 -0.410522521 3.236943722 -0.196688175 0.152237743 -0.009601190 0.968527377
1724939922.288382769 -2.037199020 -0.408121347 3.258210897 -0.191655174 0.099069498 -0.019154975 0.976261616
1724939922.555117607 -1.946930647 -0.407265484 3.245809078 -0.200142086 0.047635693 -0.042655371 0.977678120
1724939922.855188847 -1.861324549 -0.406123400 3.232763767 -0.198460549 0.013913023 -0.056653816 0.978371203
1724939923.121909857 -1.829416752 -0.415872991 3.219218731 -0.176169693 0.001856689 -0.053024713 0.982928872
1724939923.755387068 -1.811840296 -0.424667329 3.210329771 -0.143028870 -0.026234100 -0.052885324 0.987956285
1724939924.755603790 -1.823830128 -0.434384316 3.200146437 -0.122833267 -0.012480463 -0.033548046 0.991781652
1724939925.255701065 -1.822306871 -0.461581856 3.204495668 -0.092863686 -0.002679749 -0.021805491 0.995436490
1724939925.522433996 -1.817430735 -0.462475538 3.208439350 -0.081724852 -0.018371152 -0.020973919 0.996264875
1724939925.889190435 -1.816074014 -0.463666558 3.225387096 -0.071469888 -0.015587548 -0.026561739 0.996967196
1724939926.756638288 -1.807456493 -0.462777913 3.241495371 -0.053643301 -0.029078972 -0.031841654 0.997628689
1724939927.724516153 -1.811798453 -0.464098454 3.480758667 -0.053651705 -0.006991826 -0.027361291 0.998160303
1724939927.957959414 -1.815827966 -0.472319275 3.575814724 -0.026260369 0.017862896 -0.026056476 0.999155879
1724939928.291444540 -1.795008183 -0.473303854 3.715563774 -0.034368955 0.011099123 -0.019752791 0.999152362
1724939928.558542252 -1.755349755 -0.472191036 3.878016233 -0.030347548 -0.033042293 -0.025804672 0.998659790
1724939928.792315483 -1.722774267 -0.485430449 4.007373810 -0.025825374 -0.078226723 -0.043189488 0.995664775
1724939928.992711306 -1.700855494 -0.502235949 4.098201752 -0.015122125 -0.076072901 -0.055155337 0.995460749
1724939929.226529121 -1.687747955 -0.504150748 4.182971001 -0.000046306 -0.084876604 -0.053665556 0.994945228
1724939929.460170507 -1.689523339 -0.497570783 4.296569824 0.000125841 -0.066902906 -0.068019457 0.995438278
1724939929.693669319 -1.694008470 -0.504406571 4.394315720 0.010230925 -0.050027259 -0.068168119 0.996366262
1724939929.893810987 -1.688361526 -0.506209254 4.477805138 0.019672597 -0.035384107 -0.044112585 0.998205900
1724939930.093952656 -1.676537871 -0.508997440 4.545441151 0.013109098 -0.022730784 -0.044328537 0.998672366
1724939930.294094563 -1.663850069 -0.510653615 4.635362148 0.016002873 -0.031547952 -0.047156304 0.998260975
1724939930.527601004 -1.627244830 -0.514264166 4.723972321 0.014067170 -0.051760018 -0.059371755 0.996793866
1724939930.761108875 -1.583963037 -0.523825467 4.841837883 0.021853259 -0.041611433 -0.062432770 0.996941864
1724939930.994617701 -1.558474302 -0.519539714 4.933710575 0.004834970 -0.047702689 -0.071012542 0.996322393
1724939931.261484861 -1.556589961 -0.507712901 5.078556061 0.003717456 -0.048322409 -0.062285814 0.996880949
1724939931.528812647 -1.557416081 -0.514277697 5.232141495 0.016849810 -0.026126293 -0.063909717 0.997471333
1724939931.796321869 -1.569447637 -0.525848985 5.377707005 0.026191071 -0.005271076 -0.053419083 0.998214781
1724939932.063862562 -1.575344205 -0.515301764 5.493947983 0.008981666 -0.012646139 -0.046166815 0.998813331
1724939932.297986507 -1.552203417 -0.513890445 5.617004871 -0.007833512 -0.024242103 -0.042966731 0.998751640
1724939932.564880610 -1.518357277 -0.525680959 5.763777256 -0.007314901 -0.019844469 -0.046471220 0.998695731
1724939932.798325300 -1.495922565 -0.529741168 5.874481201 -0.009903617 -0.010983208 -0.053722575 0.998446405
1724939933.031766891 -1.497560740 -0.525748014 5.993842602 -0.013398244 -0.020182204 -0.044580441 0.998712063
1724939933.265205622 -1.499206305 -0.527364314 6.116298199 -0.011033531 -0.013263950 -0.045498263 0.998815417
1724939933.498650312 -1.500329256 -0.525960743 6.222196579 -0.011041597 0.010040474 -0.023156673 0.999620497
1724939933.732095480 -1.479191422 -0.527683020 6.306371212 -0.016834626 0.028940765 -0.030979196 0.998959124
1724939933.965537310 -1.438273907 -0.526192605 6.396211624 -0.016531453 0.010327273 -0.042852070 0.998891294
1724939934.198976040 -1.383772492 -0.530802250 6.485920429 -0.016897425 -0.024218334 -0.055991627 0.997994483
1724939934.499115944 -1.314072609 -0.534747958 6.572659016 -0.023424516 -0.055566490 -0.061486930 0.996284604
1724939934.732558966 -1.284029126 -0.536807299 6.625749588 -0.026783939 -0.071952008 -0.065092333 0.994921386
1724939934.965999126 -1.255428433 -0.537374079 6.677392483 -0.037727106 -0.098002173 -0.058991127 0.992719650
1724939935.299478769 -1.228815913 -0.553112984 6.787473202 -0.035838727 -0.116535187 -0.050857686 0.991235912
1724939935.499576569 -1.227934361 -0.566295981 6.853995800 -0.032473035 -0.148972273 -0.055398270 0.986754179
1724939935.733023643 -1.221388817 -0.582199335 6.896598816 -0.025575763 -0.193192288 -0.053076319 0.979390442
1724939936.033165216 -1.214383483 -0.599977851 6.960812569 -0.042915568 -0.242204010 -0.053776298 0.967782855
1724939936.233256817 -1.189419746 -0.608815908 6.994991779 -0.036568627 -0.263059288 -0.065453522 0.961861908
1724939936.400157928 -1.154329896 -0.604593158 7.010534763 -0.038001277 -0.290185273 -0.070416100 0.953619421
1724939936.500445366 -1.129009366 -0.610802770 7.019963264 -0.049299903 -0.304846466 -0.076499522 0.948043287
1724939936.667599916 -1.093696475 -0.618005157 7.059885979 -0.060926981 -0.317909747 -0.086690828 0.942181528
1724939936.801331043 -1.065086007 -0.624107003 7.088373661 -0.058820929 -0.333992809 -0.100828484 0.935319483
1724939936.935069323 -1.040254951 -0.617053747 7.109642982 -0.062939942 -0.346236199 -0.112319216 0.929270387
1724939937.202567339 -1.020694375 -0.595101476 7.157773018 -0.076111980 -0.399612844 -0.103226282 0.907667816
1724939937.736730099 -1.020064354 -0.647963762 7.279170990 -0.072968602 -0.429247648 -0.124539353 0.891578376
1724939937.970300436 -0.995873213 -0.662830770 7.319053650 -0.080130838 -0.467013299 -0.109827422 0.873736560
1724939938.203872204 -0.946079254 -0.720662117 7.369531631 -0.092335261 -0.494901836 -0.114442252 0.856416583
1724939938.771622181 -0.886797905 -0.822527885 7.408836365 -0.104854569 -0.482386172 -0.127847180 0.860211730
1724939939.206101656 -0.847828388 -0.904541969 7.359110355 -0.119387254 -0.465805978 -0.123134531 0.868106842
1724939939.506738663 -0.820979834 -0.947073698 7.332574844 -0.129659921 -0.445365310 -0.128911212 0.876481593
1724939939.740057707 -0.794931650 -0.970227361 7.328402042 -0.130894437 -0.441974491 -0.109654620 0.880625367
1724939940.306644440 -0.754492998 -1.001610160 7.359490871 -0.129618332 -0.473233253 -0.113785848 0.863887846
1724939940.973251820 -0.665028334 -1.007261515 7.381760597 -0.118703119 -0.477083564 -0.121497072 0.862287223
1724939941.373191118 -0.617654324 -1.011670947 7.384682655 -0.138745725 -0.493647337 -0.120076597 0.850084424
1724939941.573177576 -0.602249622 -1.005344987 7.391280651 -0.141960323 -0.481219828 -0.134527922 0.854503930
1724939941.939822435 -0.572202206 -0.998777390 7.396479607 -0.136957392 -0.479431152 -0.144065887 0.854771018
1724939942.806393862 -0.539943457 -0.960982323 7.298059464 -0.107365452 -0.511390388 -0.150838852 0.839166343
1724939943.006368876 -0.516947985 -0.944693089 7.259980202 -0.092925236 -0.521273255 -0.152410179 0.834511995
1724939943.239662886 -0.480205774 -0.932910085 7.226644039 -0.086297534 -0.544234157 -0.141038343 0.822477996
1724939943.506286860 -0.445046902 -0.913935542 7.210903645 -0.084610239 -0.559587657 -0.138274148 0.812762618
1724939943.639614820 -0.444114685 -0.902920961 7.200312614 -0.088154867 -0.565107882 -0.135870174 0.808963001
1724939943.906260252 -0.438260555 -0.892719150 7.196722984 -0.094969369 -0.591474414 -0.136463657 0.788997173
1724939944.206220150 -0.444701672 -0.891988873 7.185755730 -0.104081362 -0.611067533 -0.142998338 0.771566570
1724939945.572722197 -0.506122589 -0.881174803 7.152736664 -0.089920767 -0.594519973 -0.156597748 0.783541620
1724939946.139326096 -0.610175371 -0.863738537 7.158318520 -0.090539478 -0.565708756 -0.158147380 0.804217398
1724939947.039226294 -0.941078424 -0.831944704 7.177589417 -0.090789296 -0.522005200 -0.127740443 0.838421285
1724939947.472535133 -1.103716850 -0.819381714 7.120768547 -0.102483764 -0.470633119 -0.094058327 0.871294796
1724939947.939811945 -1.240186453 -0.802581787 7.088354111 -0.115147457 -0.416705877 -0.086361878 0.897573888
1724939948.307004213 -1.353115797 -0.762504816 7.112131596 -0.117827632 -0.376937091 -0.086748503 0.914609075
1724939948.707250357 -1.464467406 -0.704790473 7.140952110 -0.098477013 -0.346124053 -0.040725674 0.932116866
1724939949.107300282 -1.545892000 -0.676192284 7.142421722 -0.094616495 -0.296180457 -0.041470163 0.949528933
1724939949.540676355 -1.662051201 -0.645942867 7.099086285 -0.086209171 -0.235100716 -0.011895055 0.968067229
1724939949.940733671 -1.742037773 -0.600591958 7.051788807 -0.093927607 -0.182871863 -0.011077066 0.978576899
1724939950.907511950 -1.772518277 -0.562369168 7.169995308 -0.088792965 -0.123250991 0.007476823 0.988366902
1724939952.407670975 -1.836442471 -0.527928293 7.199916840 -0.067722023 -0.118433237 -0.027554380 0.990266681
1724939952.741469383 -1.871762633 -0.521075070 7.202645302 -0.077195436 -0.096015453 -0.020028068 0.992179811
1724939955.545577049 -1.568084121 -0.557897985 6.726226807 -0.083015710 -0.047615994 -0.064527154 0.993316352
1724939957.013307095 -1.422494531 -0.673756182 6.330162048 -0.105370574 0.014452736 -0.046778772 0.993227065
1724939958.182610989 -1.448257804 -0.747927248 6.289680481 -0.113117889 0.075053349 0.010770967 0.990684271
1724939959.383950710 -1.447196245 -0.776082933 6.284870625 -0.064513206 0.193202659 -0.035049479 0.978408039
1724939960.117634296 -1.464711189 -0.775975168 6.335214138 -0.065476634 0.227328077 -0.023617800 0.971327424
1724939960.451118708 -1.387468100 -0.758758664 6.471905708 -0.047349092 0.245171964 -0.041582454 0.967429399
1724939960.751264572 -1.366453528 -0.733713210 6.543317795 -0.014590314 0.261291295 -0.022968143 0.964876413
1724939961.118102789 -1.383509040 -0.744898736 6.623647690 -0.012857191 0.302583963 -0.026324840 0.952672422
1724939961.451585770 -1.409756899 -0.730117857 6.720942497 -0.006816157 0.315802455 -0.018656559 0.948617101
1724939961.751736164 -1.434006453 -0.711472034 6.793416023 0.003867353 0.337471157 -0.002579533 0.941324413
1724939962.085230827 -1.428892612 -0.708341658 6.852584839 -0.012878757 0.375816047 -0.000577570 0.926604629
1724939962.418719053 -1.375663996 -0.713085055 6.883852959 -0.006012292 0.417190582 -0.014611847 0.908681691
1724939962.652166843 -1.354710817 -0.722708702 6.918148994 0.011443739 0.456024826 -0.030981766 0.889353991
1724939963.352495432 -1.395177841 -0.697088659 6.993858337 -0.022364587 0.493134677 -0.022546269 0.869373143
1724939963.585939169 -1.432922602 -0.701359630 7.032812595 -0.024620550 0.515356302 -0.013597151 0.856514335
1724939963.819385290 -1.489547253 -0.698080480 7.084451675 -0.017582666 0.545335889 -0.015405965 0.837891579
1724939964.086176395 -1.531069279 -0.691826642 7.111760616 -0.023368433 0.547400951 -0.010237347 0.836481571
1724939964.319615602 -1.539597034 -0.689575911 7.101642132 -0.018343287 0.584712446 -0.007331130 0.811000109
1724939964.553056955 -1.566393852 -0.695141375 7.109370232 -0.007488083 0.631452441 -0.011736908 0.775289595
1724939965.553519964 -1.606513500 -0.708482325 7.089186192 0.030610174 0.642122567 -0.017394431 0.765793145
1724939966.954183817 -1.337444782 -0.732892632 6.995072365 0.019136345 0.597960770 -0.039139017 0.800340533
1724939967.087578297 -1.289578438 -0.705619514 6.973356247 0.021383077 0.602411270 -0.062554866 0.795443475
1724939967.721837997 -1.232904434 -0.733086944 6.905749798 0.028369527 0.567509413 -0.049308375 0.821399331
1724939968.590779543 -1.000289679 -0.731966376 6.944860458 0.010469609 0.536098778 -0.013914689 0.843975723
1724939969.157575130 -0.811746836 -0.728364468 6.954886913 0.011743573 0.501602709 -0.013901407 0.864906669
1724939969.457628727 -0.713621378 -0.713145614 6.936070919 0.006094407 0.479019105 -0.035915677 0.877048254
1724939969.725001812 -0.643567085 -0.714091182 6.932186604 0.012737256 0.463662148 -0.034200873 0.885260165
1724939970.192961216 -0.586085796 -0.695062280 6.935869217 0.005193625 0.450370401 -0.005516529 0.892809689
1724939971.260380745 -0.811791420 -0.683672905 7.022068977 -0.042501248 0.536777139 0.018430715 0.842451394
1724939972.327241182 -1.093832493 -0.705935359 7.001543045 -0.092665248 0.565905988 0.025409620 0.818851590
1724939973.860974073 -1.341476440 -0.692881465 7.212959766 -0.043098200 0.633820236 0.019360259 0.772036135
1724939974.161441088 -1.410637379 -0.671191454 7.295601368 -0.032546796 0.639690101 0.055065744 0.765966713
1724939974.628948689 -1.498295784 -0.679651916 7.360615730 -0.058887072 0.640034676 0.035849866 0.765246928
1724939974.929739237 -1.570520878 -0.674483836 7.380532265 -0.057680033 0.664155662 0.053065490 0.743474543
1724939975.197132587 -1.635103703 -0.655224442 7.394256115 -0.051749025 0.680780649 0.061963122 0.728024960
1724939975.497977495 -1.687293053 -0.644627452 7.444385529 -0.058383942 0.700091004 0.055275429 0.709512889
1724939975.631657839 -1.701677322 -0.646093965 7.472334862 -0.060967926 0.709933102 0.052039217 0.699692786
1724939975.932377338 -1.711806297 -0.627092361 7.578350067 -0.053211898 0.765800834 0.066960119 0.637364805
1724939976.032622576 -1.713199615 -0.625523806 7.612621784 -0.045479197 0.784811258 0.067682490 0.614346802
1724939976.166286945 -1.718187332 -0.611716449 7.660336494 -0.022939717 0.805703640 0.066890694 0.588082552
1724939976.433629036 -1.750966072 -0.596924901 7.732539177 -0.036845934 0.815920234 0.085475959 0.570622861
1724939976.767256737 -1.787629128 -0.593699932 7.775491238 -0.039832208 0.824845672 0.095123425 0.555872917
1724939977.367048979 -1.919915199 -0.591470599 7.799463272 -0.021743653 0.828447282 0.103169151 0.550053120
1724939977.500324011 -1.941995621 -0.590127409 7.804663181 -0.036228001 0.836505949 0.105186202 0.536545753
1724939977.666939974 -1.931654930 -0.585240066 7.825550556 -0.034906413 0.847445011 0.091572702 0.521759450
1724939977.900213957 -1.933059692 -0.594177723 7.862750053 -0.043384720 0.848678529 0.083100192 0.520535231
1724939978.066830158 -1.932622910 -0.598797202 7.896933556 -0.044414174 0.855227053 0.075050749 0.510863483
1724939978.200118303 -1.921666145 -0.597624421 7.931868076 -0.041040208 0.865010798 0.076464459 0.494191557
1724939978.333402157 -1.907470703 -0.596305728 7.971408844 -0.036991518 0.872479916 0.079987869 0.480637431
1724939978.466681719 -1.900076866 -0.599622965 8.004013062 -0.031355008 0.877385616 0.083155349 0.471483380
1724939978.600042582 -1.891545296 -0.599625409 8.033127785 -0.025964413 0.885731339 0.082022838 0.456155777
1724939978.700252771 -1.884878159 -0.600899041 8.054474831 -0.025708377 0.883756757 0.085523114 0.459346235
1724939978.900679111 -1.895707130 -0.638393044 8.071128845 -0.043694872 0.885771811 0.088403925 0.453523785
1724939979.034301043 -1.886973381 -0.659321427 8.069503784 -0.043840114 0.896241963 0.079983778 0.434086412
1724939979.301555395 -1.896531105 -0.671133757 8.069725037 -0.017428223 0.906164825 0.074935555 0.415868014
1724939979.702095509 -1.883065224 -0.679507494 8.061016083 -0.026835803 0.901534677 0.077479549 0.424867183
1724939981.670172691 -1.852802753 -0.682521641 8.059092522 -0.046098553 0.916392744 0.064830020 0.392296344
1724939982.069873571 -1.822548866 -0.670593023 8.064053535 -0.046308942 0.932544827 0.055074953 0.353811204
1724939982.402913570 -1.809643745 -0.631790757 8.046403885 -0.037374653 0.935725093 0.068639226 0.343962699
1724939982.569418430 -1.817588806 -0.628509641 8.042868614 -0.040233303 0.945007443 0.072188333 0.316435069
1724939983.504213095 -1.793562412 -0.612713695 8.009128571 0.019726977 -0.964525819 -0.071591914 -0.253328770
1724939985.172414780 -1.792006254 -0.640950799 8.005350113 -0.021319849 0.974127293 0.060307216 0.216759130
1724939985.339361429 -1.792751074 -0.642263770 7.998109818 -0.023507252 0.977578938 0.050440498 0.203082860
1724939985.506309748 -1.785666943 -0.631891251 7.980330944 -0.021493161 0.981869876 0.039149243 0.184219882
1724939985.773215294 -1.774436951 -0.626780212 7.930572033 -0.016400846 0.980953753 0.049956724 0.186989591
1724939986.039997578 -1.744626880 -0.620171666 7.824409008 -0.013985753 0.986637354 0.041768234 0.156864703
1724939986.173391342 -1.729990244 -0.629470944 7.757322788 -0.014010670 0.989207983 0.033626396 0.141917542
1724939986.273437500 -1.725073338 -0.635423899 7.710112095 -0.012424636 0.991612673 0.023185987 0.126539946
1724939986.373484612 -1.721735597 -0.640736163 7.683400154 -0.004562051 0.993557155 0.011908647 0.112612687
1724939987.139865875 -1.685704231 -0.633218408 7.534155369 -0.000687633 0.995979905 -0.003522262 0.089505024
1724939987.539498568 -1.642244697 -0.632252812 7.440247059 0.000365744 0.997869432 -0.019990759 0.062103558
1724939988.105800152 -1.561597943 -0.643537998 7.343716621 0.012531565 0.998988032 -0.036306936 0.023403086
1724939989.139672041 -1.539541721 -0.631610572 7.021257877 -0.007394357 0.997507215 -0.053697787 0.045179967
1724939989.906908751 -1.499644518 -0.612151384 6.689923763 -0.004893438 0.998651683 -0.037886042 0.035150461
1724939990.106720686 -1.474127173 -0.619354904 6.608451843 -0.012816846 0.998708665 -0.047678765 0.011978111
1724939990.672955751 -1.451982975 -0.609809458 6.394561291 -0.009632231 -0.999106884 0.038852341 0.013533122
1724939991.140969276 -1.488530755 -0.625154555 6.196170807 -0.001507216 0.998658955 -0.050619543 0.010758947
1724939991.775931835 -1.499654531 -0.598232865 5.956055164 0.000483835 0.999132693 -0.033696402 0.024458503
1724939992.109418869 -1.475132942 -0.603501439 5.795400620 -0.001854850 0.998799384 -0.042340364 0.024569329
1724939992.742960930 -1.469766617 -0.582002640 5.499742031 0.012580930 0.998814940 -0.036063395 0.030165076
1724939993.142690420 -1.500922680 -0.580415606 5.298216343 0.002187856 0.997071385 -0.026751641 0.071611516
1724939993.409145594 -1.515405178 -0.570934832 5.158799648 -0.009392247 0.998047650 -0.022495067 0.057503812
1724939993.742326736 -1.484665871 -0.559253931 4.977080822 -0.015539003 0.998274326 -0.026937125 0.049813155
1724939994.175855160 -1.457773924 -0.551206231 4.811341286 -0.030525329 0.998802900 -0.036763214 0.010460909
1724939994.576011658 -1.467047215 -0.542552054 4.678956985 -0.026928140 0.998263359 -0.050034247 0.015546652
1724939994.976213694 -1.499036789 -0.552393436 4.480740547 -0.024602786 0.997953475 -0.047431719 0.035126269
1724939995.376452208 -1.489707708 -0.532527208 4.262917519 -0.027077643 0.997637630 -0.024313545 0.058265254
1724939996.143044233 -1.426923513 -0.527958393 3.915345669 -0.011222698 0.999091327 -0.034779426 0.021930583
1724939997.042945862 -1.503629208 -0.506275594 3.481045723 -0.016744429 0.997061193 -0.024329465 0.070686974
1724939998.043380022 -1.443618536 -0.498150259 2.900930643 -0.008656443 0.997702360 -0.026674937 0.061672386
1724939999.410515547 -1.351554871 -0.530639648 2.072644472 -0.006715050 0.975658953 -0.072999068 0.206677735
1724940000.444038153 -1.157075286 -0.620760143 1.518626928 -0.012407846 0.951678753 -0.093032889 0.292401314
