#timestamp tx ty tz qx qy qz qw
1560116808.876457453 0.000000000 0.000000000 0.000000000 -0.000000000 -0.000000000 -0.000000000 1.000000000
1560116808.943170786 0.001259844 0.000526794 -0.012553710 0.000105828 0.002525674 0.000074290 0.999996841
1560116808.976527452 0.003590835 -0.000329387 -0.020623712 -0.000258507 0.003647146 0.000083279 0.999993324
1560116809.043240786 0.004985827 0.000782772 -0.032990605 -0.000255606 0.006335477 0.000604511 0.999979734
1560116809.109953880 0.005044402 0.001249348 -0.048071917 -0.000291144 0.008571597 0.000378108 0.999963164
1560116809.176667213 0.005840100 0.000565771 -0.062540039 -0.000545446 0.009885172 0.000256340 0.999951005
1560116809.243380308 0.005602222 0.002060757 -0.077117957 -0.000235585 0.011212273 0.000465629 0.999936998
1560116809.310093403 0.005263592 0.000904181 -0.092298515 -0.000641280 0.011881758 0.000435104 0.999929130
1560116809.476876736 0.003265898 0.001351063 -0.129750878 -0.000584924 0.011179650 0.000415803 0.999937236
1560116809.710371017 -0.003017594 0.000090692 -0.181261882 -0.000751584 0.006744803 0.000195617 0.999976993
1560116809.843797684 -0.006225140 0.001043818 -0.208118901 0.000030390 0.002289457 0.000433413 0.999997318
1560116810.144006729 -0.012128182 0.001153401 -0.261506230 0.000055977 -0.007563189 0.000063915 0.999971390
1560116810.677716494 -0.015401264 0.001455461 -0.331446260 0.000452313 -0.015434294 -0.000347881 0.999880731
1560116813.946652889 0.019747104 -0.000835701 -0.059402037 -0.000974681 0.029030276 0.000117652 0.999578059
1560116814.046722651 0.027755056 -0.003027958 -0.026311865 -0.001633885 0.040051594 -0.000777328 0.999195993
1560116814.113435745 0.041259315 -0.008161866 -0.010286692 -0.002906938 0.048113897 -0.001769193 0.998836100
1560116814.180148840 0.057555597 -0.007605850 0.007997849 -0.002658211 0.058869727 -0.001211375 0.998261392
1560116814.213505268 0.061811071 -0.008362484 0.021810599 -0.002661030 0.066017434 -0.002326307 0.997812212
1560116814.313575268 0.084866479 -0.006634517 0.051357988 -0.002104754 0.086879387 -0.000846409 0.996216297
1560116814.346931934 0.085789412 -0.008039109 0.061995182 -0.002357087 0.096278153 -0.001659426 0.995350301
1560116814.380288363 0.096774630 -0.009005526 0.068251491 -0.002617946 0.102535523 -0.002468513 0.994722843
1560116814.413645029 0.103351422 -0.010731133 0.077801578 -0.003374491 0.111545652 -0.002006201 0.993751585
1560116814.480358124 0.112085082 -0.010353765 0.096917890 -0.002918146 0.130434796 -0.003106398 0.991447747
1560116814.513716459 0.127008021 -0.007065434 0.102987126 -0.002104744 0.137056291 -0.001847644 0.990559340
1560116814.547072649 0.132753998 -0.004719925 0.116555728 -0.001501806 0.147795796 -0.002813695 0.989012778
1560116814.613786459 0.145857826 -0.008158475 0.129394159 -0.002448498 0.168233916 -0.002923382 0.985739708
1560116814.647142887 0.152039126 -0.007413507 0.134907782 -0.002713805 0.178667083 -0.004466304 0.983895719
1560116814.680499554 0.161761910 -0.003880892 0.142633125 -0.001215930 0.188719377 -0.003315728 0.982024729
1560116814.747212648 0.176189855 -0.002240801 0.155491292 -0.000682807 0.210812524 -0.003796079 0.977518916
1560116814.780569077 0.188122094 -0.003378059 0.160951495 -0.000766371 0.220753863 -0.004614417 0.975318372
1560116814.813925743 0.197659686 0.003103130 0.165310755 0.001164052 0.231144518 -0.004210964 0.972909629
1560116814.880638838 0.211336076 -0.003723809 0.173706383 -0.000901005 0.253292173 -0.003915628 0.967381537
1560116814.913995266 0.223259836 0.000653889 0.186782956 0.000790955 0.263615608 -0.003877489 0.964619696
1560116814.947351694 0.230394110 -0.004076330 0.181060553 -0.000907058 0.273190200 -0.002873148 0.961955369
1560116814.980708838 0.238539264 -0.002078528 0.189570248 -0.000438344 0.283872426 -0.003552338 0.958855391
1560116815.014065266 0.244641423 -0.002830665 0.191330120 -0.000413424 0.293980867 -0.003018127 0.955806434
1560116815.080778122 0.263386726 -0.002057900 0.202163219 -0.000115599 0.313677192 -0.004181931 0.949520469
1560116815.114135027 0.272452116 -0.002839957 0.208352238 0.000002637 0.323671609 -0.003833466 0.946161687
1560116815.180848122 0.288261712 -0.004349060 0.207350165 -0.000595667 0.342077017 -0.003427958 0.939665496
1560116815.214204788 0.295536011 -0.006412379 0.211338401 -0.001133581 0.353054225 -0.003667074 0.935595036
1560116815.280917645 0.317163378 -0.007348068 0.205070421 -0.001842486 0.371137798 -0.004110475 0.928566873
1560116815.347631216 0.335751176 -0.006407221 0.207451001 -0.001658593 0.391862035 -0.004529065 0.920011342
1560116815.414344311 0.355258852 -0.009496294 0.208476841 -0.002379538 0.412211746 -0.003968416 0.911076307
1560116815.447700739 0.367143601 -0.005815158 0.215123877 -0.001871465 0.423041433 -0.004316957 0.906098187
1560116815.514433622 0.386971653 -0.008784986 0.220518336 -0.001939148 0.443235368 -0.003824230 0.896395087
1560116815.547790289 0.402435064 -0.002698640 0.216900855 -0.000340157 0.451342314 -0.003555779 0.892343760
1560116815.581146955 0.411370635 0.000625961 0.216245219 0.000795717 0.460287750 -0.002968137 0.887764454
1560116815.614503622 0.421524554 0.000871728 0.219461933 0.000927514 0.468843341 -0.002935845 0.883275986
1560116815.681216955 0.439245969 0.006286498 0.219910160 0.002772608 0.483501077 -0.001851149 0.875337422
1560116815.714573622 0.444814384 0.005469395 0.225149617 0.002926130 0.490727931 -0.001333517 0.871306956
1560116815.747930527 0.452933699 0.004549707 0.217394784 0.002713220 0.495583057 -0.001549910 0.868554950
1560116815.814643621 0.470994353 0.007667903 0.224454850 0.003881796 0.506248772 -0.000831014 0.862378359
1560116816.014783859 0.523296535 0.013006711 0.234463185 0.005168749 0.528786957 -0.000326774 0.848738790
1560116816.348350286 0.612279117 0.013560980 0.253023773 0.004850910 0.560014784 -0.000623078 0.828468204
1560116816.615195036 0.699722648 0.011441628 0.266468346 0.004280569 0.592215300 -0.000048323 0.805768430
1560116816.815334797 0.751582325 0.012040429 0.259708762 0.004192343 0.610298038 0.000051634 0.792160809
1560116817.415754080 0.910682023 0.009254746 0.266066492 0.005551702 0.658800125 0.000842121 0.752297044
1560116818.016168356 1.040915966 0.005336474 0.270341218 0.006564440 0.679181755 0.001892874 0.733938336
1560116818.583231449 1.141936541 0.002873432 0.274082541 0.006543302 0.684471488 0.002607264 0.729005635
1560116819.417146683 1.267705917 0.002184952 0.280254960 0.007034129 0.691683173 0.002228747 0.722163379
1560116819.750711918 1.357803464 -0.002194635 0.282282829 0.008264901 0.696770668 0.001892552 0.717243850
1560116820.050921440 1.440960884 -0.002398798 0.284261107 0.009014864 0.698496401 0.001401670 0.715555429
1560116820.384487629 1.526824713 -0.003284734 0.286307096 0.009736304 0.699165642 0.001873694 0.714891076
1560116820.751417398 1.610047102 -0.002946244 0.289447665 0.010509900 0.699905634 0.000135605 0.714157999
1560116820.951557159 1.656468034 -0.003270929 0.288280845 0.009568635 0.701350152 0.001237270 0.712751627
1560116821.318480015 1.730221748 -0.008252960 0.290683746 0.010630559 0.698934078 0.002673440 0.715102136
1560116821.685400486 1.818051457 -0.006996024 0.300310016 0.009167050 0.693316281 0.000950141 0.720574498
1560116822.119036436 1.903637648 -0.007514112 0.301622868 0.008441667 0.700202286 0.000674260 0.713894308
1560116822.719457388 1.983113647 -0.009318085 0.297545910 0.006483933 0.710036337 0.003665819 0.704125643
1560116823.119737148 2.057628155 -0.011061281 0.296444178 0.008726114 0.709446728 0.003100886 0.704698265
1560116823.419946671 2.124588966 -0.011924407 0.296294928 0.009095227 0.710902572 0.002824340 0.703226030
1560116823.820236683 2.193309546 -0.013508452 0.295738697 0.009978846 0.703514338 0.003494099 0.710602403
1560116824.387300014 2.277440071 -0.013255369 0.293761015 0.008190097 0.714420021 0.004414606 0.699655294
1560116824.420656681 2.284321547 -0.014281061 0.293933868 0.007445911 0.714263022 0.005082556 0.699819326
1560116824.487370014 2.294998646 -0.014755012 0.292443991 0.007192736 0.713226438 0.005272064 0.700877070
1560116824.554076195 2.303973675 -0.013937439 0.292705297 0.006881305 0.712806761 0.005362148 0.701306224
1560116824.654145956 2.317553282 -0.011984951 0.292793036 0.007171514 0.713153064 0.004829715 0.700955033
1560116824.754215956 2.329655647 -0.012977021 0.291302919 0.007467049 0.714574456 0.004279520 0.699506462
1560116824.820929289 2.335772276 -0.012660882 0.289822817 0.008437155 0.715442955 0.003637045 0.698610723
1560116824.854286194 2.339173555 -0.013809899 0.289537907 0.009069423 0.715742946 0.003532405 0.698296010
1560116824.920999050 2.346603870 -0.013503660 0.289203882 0.008430334 0.716080368 0.003821142 0.697956562
1560116824.954355717 2.351068020 -0.014651427 0.288658857 0.008791462 0.715938985 0.003794440 0.698097169
1560116824.987712145 2.351329327 -0.014763243 0.289617538 0.008806325 0.716040909 0.003587800 0.697993577
1560116825.021069050 2.355083466 -0.014373302 0.290928602 0.008801967 0.716040075 0.003962582 0.697992444
1560116825.754914761 2.450370312 -0.016007820 0.285167217 0.008581296 0.717019916 0.003552171 0.696990848
1560116826.221907854 2.549474955 -0.012041813 0.281151056 0.009164111 0.717031538 0.002699288 0.696975291
1560116826.688905001 2.642803669 -0.014221991 0.278526545 0.009247315 0.717743278 0.003275401 0.696238697
1560116827.422751665 2.733722687 -0.013831390 0.278803110 0.010026301 0.713866770 0.002936152 0.700203657
1560116827.989810467 2.829954863 -0.012672842 0.271919727 0.009935196 0.721202075 0.001933402 0.692650795
1560116828.490160227 2.951685429 -0.011794873 0.260596275 0.010930692 0.730148554 0.001677896 0.683198988
1560116828.757013798 3.012247086 -0.013691838 0.248617411 0.010265578 0.738068104 0.001925351 0.674645364
1560116829.123937368 3.082591057 -0.010850084 0.236432791 0.011876838 0.745418251 0.000883912 0.666490674
1560116829.490860462 3.150990009 -0.008011491 0.221903086 0.013457010 0.751431406 0.000715000 0.659673572
1560116829.963785887 3.240917206 -0.008586604 0.201625109 0.013982241 0.761135340 0.000845168 0.648441851
1560116830.197411060 3.295196533 -0.005670846 0.189578772 0.014811182 0.767928660 0.000157987 0.640364170
1560116830.464411020 3.349894047 -0.006703466 0.164706230 0.014949067 0.782456338 0.000521556 0.622525811
1560116830.596801996 3.378380537 -0.007859556 0.144800663 0.013857905 0.792908490 -0.000060513 0.609183133
1560116830.730292320 3.407548904 -0.012175787 0.122491837 0.012522047 0.808606684 0.000533369 0.588216186
1560116830.863782406 3.436119080 -0.009360984 0.086171150 0.014326900 0.827627420 0.000901075 0.561094284
1560116830.997272730 3.454760551 -0.014638618 0.049508572 0.013906130 0.847685993 0.002945789 0.530307829
1560116831.130763054 3.487834454 -0.001053948 0.022580147 0.016857572 0.867416143 0.001089444 0.497296542
1560116831.264253139 3.503917217 -0.002326060 -0.012427807 0.015645290 0.883664012 0.002228047 0.467854887
1560116831.364371061 3.517511129 0.009401955 -0.036063671 0.019141192 0.894695222 0.001544243 0.446264267
1560116831.464488506 3.534590244 0.006866612 -0.064894199 0.018233700 0.905534148 0.002014034 0.423876643
1560116831.564606190 3.545606136 0.008537643 -0.090560436 0.018705387 0.915674567 0.002152043 0.401479334
1560116831.730324745 3.567017078 0.008527316 -0.138605118 0.018513283 0.931593657 0.003036629 0.363016963
1560116831.830434084 3.567250729 0.008060955 -0.162722111 0.019063978 0.940323055 0.003142180 0.339734137
1560116831.930543423 3.569560051 0.008956656 -0.192406654 0.019920401 0.948862553 0.003975037 0.315035224
1560116832.030652761 3.579274178 0.012397580 -0.222101927 0.020540439 0.957063615 0.004018703 0.289121598
1560116832.164131880 3.582138062 0.015583850 -0.259964705 0.022651033 0.966104805 0.004295936 0.257118613
1560116832.264241219 3.588762522 0.021691442 -0.283485651 0.023060026 0.972346425 0.003727748 0.232371986
1560116832.330981016 3.586299896 0.021386072 -0.298083305 0.022511400 0.976011574 0.003921578 0.216516376
1560116832.397720575 3.586225033 0.021050051 -0.314610958 0.022420939 0.979606867 0.004720500 0.199613154
1560116832.497829914 3.584473848 0.027340427 -0.340009212 0.022146799 0.984438360 0.004357001 0.174274862
1560116832.597939253 3.578515291 0.031103432 -0.364870548 0.023082172 0.988330007 0.004196288 0.150510684
1560116832.698048592 3.576754570 0.031490162 -0.388219357 0.023728356 0.991692424 0.004680384 0.126337811
1560116832.863785267 3.575289488 0.035062939 -0.430741310 0.023522656 0.995409548 0.005584005 0.092602909
1560116832.997252703 3.575393677 0.034414172 -0.458914042 0.023721980 0.996882975 0.006035404 0.075001240
1560116833.164087057 3.578084946 0.035456985 -0.490223765 0.024464389 0.997696519 0.005762824 0.063008003
1560116833.464388847 3.591578007 0.035571247 -0.548419714 0.026035184 0.997141540 0.005672881 0.070702046
1560116833.597856522 3.598096609 0.035983354 -0.576025963 0.026214808 0.996552348 0.005158688 0.078546785
1560116833.897119999 3.616559744 0.043665022 -0.648243427 0.026176365 0.995587051 0.003552314 0.090048090
1560116834.130667686 3.632009268 0.043795809 -0.718248844 0.025813587 0.995584071 0.003885861 0.090171508
1560116834.330851316 3.645868063 0.040836602 -0.774782896 0.026680283 0.995223463 0.004204406 0.093812585
1560116834.497671127 3.657741547 0.043739989 -0.819783449 0.026143717 0.994752526 0.003639425 0.098847024
1560116834.697854757 3.670436621 0.039643109 -0.864458084 0.025353514 0.994632721 0.004242110 0.100225136
1560116834.931402445 3.685777426 0.038865492 -0.903133392 0.026424691 0.993576705 0.003953713 0.109961554
1560116835.030537128 3.697005987 0.038478702 -0.915214062 0.026382880 0.992721260 0.003706882 0.117451310
1560116835.163981199 3.712964296 0.043329552 -0.928403139 0.026931206 0.990629375 0.002149335 0.133879140
1560116835.264064550 3.726248264 0.042144537 -0.936448336 0.027263433 0.988267064 0.001836616 0.150271609
1560116835.397508860 3.748808384 0.044911578 -0.943938732 0.027406126 0.983782232 0.000324382 0.177260801
1560116835.530952930 3.772709846 0.042315006 -0.938767195 0.029099395 0.977436185 -0.000457440 0.209216505
1560116835.664397240 3.804888248 0.046171308 -0.941977501 0.028334761 0.968626082 -0.001982719 0.246894121
1560116835.797841311 3.843165636 0.042838201 -0.936459541 0.027113233 0.958014786 -0.003178682 0.285416454
1560116835.931285620 3.863172054 0.048264623 -0.941345215 0.029165445 0.944598019 -0.005163673 0.326890320
1560116836.063857555 3.876488209 0.052526847 -0.943165302 0.030301949 0.931390047 -0.007006128 0.362691849
1560116836.197290182 3.887580872 0.054739952 -0.947676182 0.032867234 0.916840255 -0.008026399 0.397818148
1560116836.330723047 3.905104160 0.058226690 -0.942083359 0.035440966 0.901616335 -0.009372407 0.430980444
1560116836.464155674 3.923018456 0.053895205 -0.937695503 0.034047551 0.886146128 -0.010234335 0.462040097
1560116836.564230204 3.936170816 0.053973615 -0.933207512 0.034052517 0.875505745 -0.010548076 0.481891006
1560116836.664304733 3.946243525 0.054342881 -0.927849770 0.034475043 0.865540147 -0.011389544 0.499521762
1560116836.764379025 3.960225105 0.056791008 -0.919508457 0.035488322 0.856349111 -0.012554822 0.515023470
1560116836.897812128 3.965988636 0.055329591 -0.913763046 0.035911962 0.840871692 -0.013152593 0.539881706
1560116836.997886419 3.980589867 0.055670708 -0.903282166 0.036078006 0.828074872 -0.013431778 0.559294224
1560116837.131319046 3.991236448 0.054822497 -0.892004490 0.036292333 0.807937264 -0.014634083 0.587967753
1560116837.197259665 4.001662731 0.055273928 -0.878182411 0.036245618 0.797905445 -0.015561664 0.601490676
1560116837.297325850 4.008548737 0.048946738 -0.866948605 0.034268327 0.780177057 -0.015216270 0.624434054
1560116837.397392273 4.019116402 0.049955413 -0.862219334 0.034629386 0.760003984 -0.016486499 0.648785651
1560116837.497458458 4.030152798 0.047997326 -0.847463608 0.033939108 0.743638694 -0.016989937 0.667503536
1560116837.530813694 4.030742168 0.048904598 -0.838313818 0.034267690 0.739293098 -0.017653916 0.672279537
1560116837.664235353 4.035043716 0.045286313 -0.826477528 0.032485876 0.717224836 -0.017947402 0.695852757
1560116837.797657013 4.041487217 0.045358896 -0.811400414 0.031798016 0.696462333 -0.019561442 0.716621578
