#timestamp tx ty tz qx qy qz qw
41206.907852999 0.000000000 0.000000000 0.000000000 -0.000000000 -0.000000000 -0.000000000 1.000000000
41207.609111999 -0.056579243 -0.020021167 -0.007617471 0.006624819 -0.026241090 -0.021079984 0.999411404
41207.642449999 -0.061260246 -0.028681248 -0.012473640 0.008821187 -0.025270365 -0.023006726 0.999376953
41207.742553999 -0.073809490 -0.034826037 -0.012013262 0.019629907 -0.017022213 -0.026559539 0.999309540
41208.076052999 -0.094076492 -0.059132531 0.011044602 0.052282102 -0.011624456 -0.030491414 0.998099089
41208.176255999 -0.083777748 -0.078729779 0.013424159 0.066615440 -0.016446367 -0.027968872 0.997251034
41208.242931000 -0.073960900 -0.071748815 0.020081595 0.075793110 -0.019387672 -0.027660990 0.996551275
41208.376280999 -0.042492032 -0.102959834 0.025159542 0.087068312 -0.021274799 -0.031067714 0.995490491
41208.476279000 -0.036658216 -0.093954965 0.042604718 0.102280021 -0.020506723 -0.034017798 0.993962288
41208.643537999 -0.000280953 -0.085121848 0.066247843 0.087712295 -0.031860217 -0.030626098 0.995165110
41208.676875999 0.005532062 -0.075065345 0.069479994 0.081556208 -0.033992950 -0.030232353 0.995630026
41208.743550999 0.019448113 -0.059182234 0.085265987 0.066540778 -0.038943142 -0.030700769 0.996550679
41208.776888000 0.021570707 -0.050724167 0.092059076 0.057683948 -0.041381080 -0.031708520 0.996972799
41208.876901000 0.041724231 -0.035485499 0.108625621 0.029021669 -0.053609837 -0.036461383 0.997473955
41209.043588000 0.044610713 -0.033204731 0.137474999 -0.011367830 -0.067529097 -0.044879094 0.996642590
41209.144172000 0.045795120 -0.026796568 0.153639391 -0.024325285 -0.071330592 -0.045797355 0.996103823
41209.310859999 0.021491902 -0.031808645 0.171141565 -0.032107551 -0.075875998 -0.050352987 0.995327353
41209.410844999 0.003069286 -0.031829081 0.175897822 -0.030405860 -0.088089228 -0.060187981 0.993827581
41209.510858000 -0.033131566 -0.034999728 0.176945850 -0.031301375 -0.099497080 -0.071318902 0.991984963
41209.544195000 -0.043975022 -0.040940687 0.180262893 -0.032470662 -0.106752105 -0.073748522 0.991015077
41209.577818999 -0.054434191 -0.040087748 0.176699772 -0.032137871 -0.115040809 -0.073575638 0.990110815
41209.611442000 -0.063408591 -0.039191719 0.181314304 -0.031358115 -0.125091597 -0.076807536 0.988670528
41209.644779000 -0.072698101 -0.043487683 0.178232610 -0.032714818 -0.134221241 -0.079435289 0.987220585
41209.711453999 -0.102128223 -0.043545246 0.192367196 -0.031004146 -0.146867990 -0.085104093 0.985000432
41209.844804000 -0.164514676 -0.050455526 0.189675480 -0.028902251 -0.158934399 -0.101222962 0.981661081
41209.878142000 -0.181822076 -0.052938599 0.194930077 -0.028812382 -0.164283603 -0.103178963 0.980578840
41209.911479000 -0.204413608 -0.051047713 0.201397449 -0.027004851 -0.170816883 -0.106067255 0.979204834
41209.944817000 -0.213480890 -0.056417651 0.196861371 -0.025389347 -0.179432675 -0.105885901 0.977725685
41209.978153999 -0.237472400 -0.060711168 0.190843433 -0.024594650 -0.184652165 -0.108121611 0.976528764
41210.011491999 -0.249939576 -0.061488248 0.193120003 -0.023506681 -0.192681015 -0.109588385 0.974839449
41210.078453000 -0.273570001 -0.059916385 0.192130119 -0.022306120 -0.204246715 -0.112320133 0.972198486
41210.112075999 -0.284737557 -0.055346351 0.194680184 -0.023393797 -0.208550185 -0.114145488 0.971046031
41210.178750999 -0.308800220 -0.062442236 0.211174086 -0.026322724 -0.215608895 -0.117776953 0.968993545
41210.245426000 -0.340907931 -0.065159827 0.198303610 -0.024593877 -0.219820544 -0.119707443 0.967855513
41210.312101000 -0.359992862 -0.062855296 0.201249197 -0.025242472 -0.228052378 -0.123016693 0.965516388
41210.378775999 -0.381962687 -0.067939952 0.212256581 -0.030683521 -0.234951317 -0.130609661 0.962703228
41210.445450999 -0.403952152 -0.070984297 0.217642292 -0.030948458 -0.242988288 -0.137728393 0.959702969
41210.512126000 -0.422317475 -0.069208294 0.224733233 -0.029853543 -0.252496332 -0.143195331 0.956477642
41210.612710000 -0.465023190 -0.075870991 0.242307663 -0.034658086 -0.264854878 -0.154563427 0.951189160
41210.646049000 -0.480729848 -0.080363959 0.247324854 -0.035514761 -0.270457238 -0.159638777 0.948739707
41210.679386999 -0.503339469 -0.083471090 0.249960393 -0.035606548 -0.276326358 -0.163787097 0.946334898
41210.712723999 -0.503460348 -0.087928675 0.257576197 -0.033929661 -0.288057476 -0.165971383 0.942510068
41210.779398999 -0.523273885 -0.095825367 0.273493171 -0.032874171 -0.308763206 -0.169688314 0.935302317
41210.846074000 -0.554342508 -0.110756055 0.275244027 -0.032452680 -0.327228993 -0.173915297 0.928235710
41210.912749000 -0.595443010 -0.128466249 0.270240426 -0.029465251 -0.343664348 -0.180757016 0.921061099
41210.979423999 -0.594012499 -0.130712450 0.284801245 -0.019285211 -0.371719599 -0.182696551 0.909986019
41211.046098999 -0.604325771 -0.144839108 0.295948029 -0.017686184 -0.392220080 -0.191630632 0.899515569
41211.213358000 -0.633673429 -0.153542906 0.322691560 -0.020528361 -0.421134651 -0.213613108 0.881245494
41211.380012000 -0.686421037 -0.163347185 0.339217246 -0.014741529 -0.426093966 -0.217270076 0.878077686
41211.513361999 -0.738692522 -0.174532652 0.355164587 -0.010268113 -0.418114722 -0.215792596 0.882331133
41211.546699999 -0.755372345 -0.179873630 0.363762110 -0.008525118 -0.414481729 -0.213150099 0.884702921
41211.647283999 -0.796257019 -0.177944601 0.360094339 -0.000092483 -0.399491996 -0.199978977 0.894658923
41211.713959000 -0.825310290 -0.174916625 0.367633611 -0.003781079 -0.386187702 -0.195916981 0.901366413
41211.780634000 -0.855730772 -0.175841704 0.375455528 -0.008729993 -0.368399858 -0.190536171 0.909890831
41211.847308999 -0.891658843 -0.174312323 0.373104930 -0.017595485 -0.348782271 -0.182899877 0.919015229
41211.913983999 -0.923046827 -0.175741583 0.382708788 -0.027125243 -0.334766388 -0.174179554 0.925665796
41211.980659000 -0.953307271 -0.174985915 0.383723617 -0.035193164 -0.323166639 -0.165468499 0.931098759
41212.114580000 -0.998490274 -0.180930555 0.393602669 -0.042349741 -0.318741202 -0.168835253 0.931721687
41212.181255000 -1.022919297 -0.185081750 0.389735162 -0.040720850 -0.321545929 -0.172085345 0.930234730
41212.247929999 -1.047171474 -0.191615492 0.386538088 -0.038657751 -0.329122722 -0.177551895 0.926638603
41212.314604999 -1.082882166 -0.185424104 0.379924119 -0.036569852 -0.338889182 -0.185088888 0.921715200
41212.381280000 -1.099110365 -0.194775701 0.381402761 -0.031880550 -0.361643076 -0.192637131 0.911640763
41212.447955000 -1.114811540 -0.202376395 0.368908972 -0.025466019 -0.384235501 -0.197259739 0.901556015
41212.547967999 -1.132123947 -0.213510439 0.356156051 -0.017155034 -0.417759895 -0.202931076 0.885438502
41212.615213999 -1.148458838 -0.222522393 0.355884671 -0.013342441 -0.438031524 -0.205259174 0.875110924
41212.681896000 -1.152811050 -0.230463207 0.352287591 -0.007684342 -0.455335915 -0.208973080 0.865413487
41212.748593999 -1.159132957 -0.231385291 0.356653333 -0.002777780 -0.468203783 -0.213747546 0.857373655
41212.948619000 -1.186935186 -0.240689039 0.367124915 0.004394835 -0.504509747 -0.232231349 0.831576347
41213.015293999 -1.194841623 -0.243454278 0.375368416 0.006954993 -0.519682467 -0.238281026 0.820429087
41213.115877999 -1.203931332 -0.251514226 0.386275709 0.012518580 -0.538030803 -0.243041262 0.807029784
41213.249228000 -1.232467294 -0.246182024 0.391324222 0.011053044 -0.555462658 -0.256207585 0.791009963
41213.349239000 -1.253521562 -0.245709300 0.391161621 0.014261763 -0.570648372 -0.255022436 0.780461788
41213.415913999 -1.264259577 -0.241672963 0.398485124 0.014011490 -0.580111682 -0.258090705 0.772439837
41213.482588999 -1.296078682 -0.244856685 0.415833950 0.015360415 -0.584865689 -0.263316035 0.767046869
41213.582887999 -1.341202974 -0.249148220 0.401536942 0.024674797 -0.587991774 -0.264429450 0.764024734
41213.783120000 -1.391760588 -0.253407925 0.386278152 0.046304971 -0.607313514 -0.263479590 0.748067260
41213.916469999 -1.426147461 -0.244161755 0.388073444 0.049752411 -0.620147765 -0.259841651 0.738528192
41214.049820000 -1.460093021 -0.237662435 0.386781216 0.042615436 -0.627815008 -0.257660121 0.733241796
41214.083444000 -1.469313979 -0.240532041 0.390372753 0.037220895 -0.629547358 -0.262365371 0.730376065
41214.417104000 -1.577910662 -0.228685379 0.434282303 0.018520914 -0.661799192 -0.280331701 0.695048869
41214.483779000 -1.604193687 -0.239856780 0.454220295 0.015525674 -0.670525849 -0.291403443 0.682083607
41214.617701000 -1.652207136 -0.268806279 0.486279964 0.017977143 -0.684063733 -0.309369653 0.660321176
41214.784388000 -1.672338247 -0.266138077 0.535160422 0.027456040 -0.703162730 -0.316079676 0.636319101
41214.884401000 -1.691936493 -0.287839055 0.544815660 0.024474701 -0.712808192 -0.324770838 0.621151686
41215.051108999 -1.720749497 -0.290871918 0.561693430 0.021474544 -0.731489539 -0.335251004 0.593353748
41215.118355999 -1.732281327 -0.288525999 0.557499170 0.021436943 -0.738588989 -0.337215811 0.583362997
41215.185031000 -1.744160056 -0.282443166 0.564270496 0.023286583 -0.748413682 -0.339840770 0.569072008
41215.251706000 -1.769098639 -0.288284123 0.576883197 0.023178577 -0.756416202 -0.346578628 0.554238737
41215.318380999 -1.797678709 -0.286101699 0.581499219 0.024495555 -0.760212719 -0.350443929 0.546503127
41215.518396999 -1.853075862 -0.260657966 0.571400285 0.039435051 -0.768436849 -0.360713661 0.527100921
41215.685613000 -1.948843837 -0.273275733 0.546292543 0.029886572 -0.768796861 -0.385181844 0.509600937
41215.718951000 -1.962943673 -0.275632203 0.535268903 0.032105561 -0.770363569 -0.383215457 0.508581519
41215.785625999 -1.973122954 -0.265090108 0.537379146 0.037421200 -0.777683318 -0.372071654 0.505342424
41215.852300999 -1.981943965 -0.242777705 0.551705956 0.030009482 -0.780983746 -0.371017069 0.501507998
41215.985651000 -2.048108101 -0.266590297 0.528747797 0.020257302 -0.787587643 -0.381658822 0.483354867
41216.018988000 -2.057858944 -0.265634835 0.525208473 0.021923576 -0.791342735 -0.380008817 0.478423834
41216.052325999 -2.046489477 -0.245383799 0.531606197 0.023427686 -0.795449376 -0.375123352 0.475388199
41216.152909999 -2.106491089 -0.275899947 0.536112666 0.016429769 -0.805235982 -0.385082990 0.450595409
41216.252921999 -2.113614321 -0.253757417 0.544859767 0.028280010 -0.815298498 -0.384444594 0.432077467
41216.319597000 -2.123432636 -0.267029405 0.542470098 0.025061216 -0.823868275 -0.387834668 0.412549764
41216.386272000 -2.139068127 -0.270341396 0.540960193 0.021565260 -0.835872293 -0.385490447 0.390191853
41216.552960000 -2.147604465 -0.255549848 0.530550838 0.009651534 -0.855079472 -0.393594354 0.337386250
41216.686881000 -2.164693832 -0.247259557 0.492917418 0.005064382 -0.862132251 -0.399408400 0.311729521
41217.087227999 -2.177136660 -0.192065239 0.373992205 0.028643848 -0.877850294 -0.393890023 0.270941019
41217.154188000 -2.173500538 -0.182743579 0.350998759 0.024700494 -0.881070256 -0.391696274 0.263968199
41217.420854000 -2.161274433 -0.141438633 0.282723665 0.013892291 -0.890099406 -0.400752276 0.216627970
41217.487528999 -2.156877041 -0.144424438 0.258419156 0.010831865 -0.889684439 -0.408630073 0.203385800
41217.520865999 -2.164449215 -0.147882342 0.253052235 0.007800556 -0.892262697 -0.407634884 0.194011047
41217.554110999 -2.165641069 -0.149264693 0.249742687 0.006161741 -0.895534635 -0.404525280 0.185307920
41217.721369999 -2.170942783 -0.127271205 0.255252838 0.000052588 -0.902351081 -0.403849959 0.150558025
41217.854720000 -2.197681904 -0.141948164 0.230687410 -0.001634415 -0.904891253 -0.408447117 0.119750798
41217.988069999 -2.228233337 -0.161840707 0.228460878 0.007263978 -0.912897766 -0.397309899 0.093326107
41218.155520000 -2.257915258 -0.181134671 0.221406728 0.026847562 -0.920324683 -0.379666269 0.090195604
41218.188857000 -2.260283470 -0.195792720 0.211872697 0.027177060 -0.922616541 -0.374418706 0.088604771
41218.355544999 -2.302039862 -0.202913955 0.233202964 0.031588536 -0.932797492 -0.349043161 0.084023096
41218.488895000 -2.315732479 -0.211458564 0.221615106 0.034304354 -0.933256745 -0.345747054 0.091181450
41218.589192999 -2.320755720 -0.222426265 0.232397497 0.039403394 -0.937557101 -0.336228967 0.079900898
41218.722828999 -2.337557316 -0.230412751 0.234720469 0.038734537 -0.937591016 -0.338442713 0.069851846
41219.056252000 -2.361020803 -0.201789051 0.269046336 0.020915419 -0.931090474 -0.361970752 0.040127680
41219.289995999 -2.371310711 -0.173364803 0.283915609 0.012180577 -0.920383513 -0.388408273 0.043415148
41219.823962000 -2.289588928 -0.161140323 0.270539850 0.020974766 -0.913045645 -0.405925453 0.033648353
41219.890636999 -2.265619993 -0.159036458 0.265781045 0.019974865 -0.912585676 -0.407683730 0.024132548
41219.957311999 -2.248080254 -0.163270950 0.267755806 0.018499248 -0.912380397 -0.408824623 0.009066571
41219.990649999 -2.238284111 -0.157579005 0.271597087 0.018599454 -0.912321806 -0.409050405 0.000906410
41220.090947999 -2.206629753 -0.155076861 0.273767322 -0.018449193 0.908541441 0.416758955 0.022892896
41220.124571000 -2.195289850 -0.152437985 0.271424234 -0.018515799 0.906831563 0.419963807 0.030725803
41220.191246000 -2.187017441 -0.150345355 0.268887401 -0.017840486 0.905634880 0.421778381 0.040127359
41220.224584000 -2.186014652 -0.153603584 0.268633485 -0.016082438 0.904188812 0.423701644 0.051584549
41220.257920999 -2.189045668 -0.153250098 0.267787039 -0.015106537 0.902975678 0.424587518 0.064282149
41220.324595999 -2.160098553 -0.139444351 0.267543614 -0.018209167 0.902832687 0.421230704 0.084417179
41220.357933999 -2.139401913 -0.144478559 0.259037375 -0.018080045 0.903389215 0.417985916 0.094068065
41220.391271000 -2.194348335 -0.161914170 0.254270315 -0.003441433 0.903094172 0.412472457 0.119480349
41220.457946000 -2.142778397 -0.153298020 0.294183493 -0.010180834 0.904276848 0.406207711 0.131053492
41220.524620999 -2.163034439 -0.157755971 0.283808470 -0.006677438 0.903053582 0.403731734 0.146459401
41220.825274000 -2.139770508 -0.145202279 0.279088974 -0.024712350 0.897624671 0.410433561 0.158756360
41221.125883000 -2.101792336 -0.150038898 0.278889656 -0.025390713 0.905108213 0.389447868 0.168715373
41221.192558000 -2.081979513 -0.154911518 0.277562737 -0.025745770 0.904255807 0.389528453 0.172992110
41221.292569999 -2.052556276 -0.153110564 0.274397492 -0.022965085 0.903037846 0.387802333 0.183315635
41221.359244999 -2.032459259 -0.150614977 0.274655342 -0.020282120 0.902023554 0.385771662 0.192671761
41221.425920000 -2.016791344 -0.157024980 0.268679500 -0.017630445 0.899948001 0.384833455 0.204171553
41221.492595000 -1.981967330 -0.155034900 0.262926936 -0.014642894 0.899345636 0.382067621 0.212102264
41221.559280000 -1.961332560 -0.158784449 0.251172662 -0.009434289 0.900978088 0.374801457 0.218342274
41221.693190999 -1.957440972 -0.151696444 0.247032404 0.008108131 0.907868981 0.354523897 0.223653913
41221.826541000 -1.913748980 -0.150547326 0.226853251 0.003272232 0.908169329 0.347482115 0.233396500
41221.926505000 -1.907563925 -0.146585584 0.222330093 0.006010216 0.908942401 0.332955748 0.250854731
41221.993179999 -1.895448685 -0.155413091 0.205597162 0.004460623 0.907451451 0.325531185 0.265596509
41222.026517999 -1.899111629 -0.167005122 0.199270725 0.007967263 0.907148957 0.320298970 0.272811145
41222.127101999 -1.896944523 -0.165549695 0.176728725 0.019075010 0.908197999 0.301464260 0.289709896
41222.627667000 -1.934632063 -0.164854407 0.119639874 0.027297601 0.898986876 0.271197796 0.342825472
41223.428335999 -1.937459826 -0.187790155 0.121578217 0.024863310 0.876608789 0.269418567 0.397935271
41224.996898999 -1.751481175 -0.153816581 0.211015463 0.021497546 0.856959701 0.330038160 0.395262837
41225.197496000 -1.709729075 -0.168447256 0.222663879 0.019364037 0.862575591 0.325323641 0.386979371
41225.530871000 -1.635855198 -0.170553744 0.205199957 0.004230574 0.865437865 0.320011079 0.385476768
41225.764804999 -1.607091188 -0.152507007 0.172248840 -0.001809661 0.866263926 0.306721509 0.394341946
41225.898134000 -1.587790370 -0.149093211 0.128513813 0.005017387 0.861283004 0.300498664 0.409715712
41225.964766999 -1.587960720 -0.143682897 0.114593029 0.013918928 0.859272897 0.292991400 0.419061303
41226.198701000 -1.572336555 -0.127213001 0.072495937 0.015455760 0.846171618 0.278164357 0.454290062
41226.398725999 -1.547355413 -0.117424786 0.038768053 0.018738681 0.834962606 0.281532198 0.472468048
41226.632660000 -1.495676041 -0.105310231 0.013259768 0.028837185 0.833089113 0.278796375 0.476868451
41226.832685000 -1.435373902 -0.102802008 0.010352492 0.022035144 0.832914889 0.274616778 0.479950905
41226.966031999 -1.390299320 -0.105180323 0.012554646 0.018811289 0.826847136 0.273698419 0.490977824
41227.032706999 -1.371504903 -0.113297284 0.019166112 0.016939519 0.822074652 0.275774837 0.497849971
41227.099668000 -1.345678210 -0.108200848 0.023073077 0.017146830 0.815138340 0.277658284 0.508095801
41227.133290999 -1.332079887 -0.109621137 0.025204897 0.017892441 0.810871422 0.279981494 0.513593018
41227.166627999 -1.325134039 -0.113848031 0.027357578 0.019220794 0.805993497 0.280622214 0.520822644
41227.266622000 -1.294022560 -0.104806721 0.030649662 0.023637351 0.792815983 0.280892998 0.540354729
41227.333296999 -1.273652077 -0.104311556 0.031172633 0.030726949 0.783149540 0.283347547 0.552672565
41227.366634999 -1.272427797 -0.113223672 0.040317893 0.033545084 0.777945459 0.280473769 0.561257601
41227.399971999 -1.264761448 -0.096441329 0.044428110 0.041773688 0.765095949 0.277294457 0.579647243
41227.433310000 -1.262930751 -0.094692796 0.044030070 0.040856317 0.757387221 0.279842675 0.588543594
41227.499985000 -1.252484918 -0.089842945 0.039215922 0.030626256 0.745128393 0.284206629 0.602554798
41227.600282999 -1.238277912 -0.078605026 0.030334473 0.030154187 0.735369682 0.287693202 0.612825274
41227.700580999 -1.239063501 -0.072156549 0.028820872 0.023155889 0.726308942 0.286692500 0.624296844
41227.833931000 -1.236965060 -0.051597804 0.005452394 0.018608307 0.711962044 0.288605422 0.639899075
41228.033955999 -1.240045071 -0.027046382 -0.032778978 0.020621715 0.692928314 0.296939075 0.656698048
41228.234496999 -1.244467497 -0.007743955 -0.070594668 0.028048564 0.673785508 0.293998271 0.677341521
41228.301171999 -1.244881153 0.002148032 -0.084670782 0.035854887 0.665071309 0.285881728 0.688960254
41228.534533999 -1.245788813 0.018880904 -0.121708989 0.041406021 0.658367813 0.261633754 0.704546034
41228.601495000 -1.246676564 0.016975671 -0.127401710 0.043853175 0.658009291 0.254800409 0.707232237
41228.635117999 -1.240910053 0.013530493 -0.132931113 0.045102723 0.657270014 0.251375645 0.709064305
41228.668455999 -1.246754050 0.003594846 -0.131862879 0.047560725 0.657439709 0.245680749 0.710740447
41228.701793000 -1.249852896 0.002307653 -0.135286331 0.053494245 0.656094968 0.240842104 0.713213086
41228.801806000 -1.249882340 -0.012084782 -0.134325027 0.061952248 0.650359452 0.228415072 0.721817970
41228.868480999 -1.244254827 -0.019654095 -0.136216402 0.065665871 0.644954979 0.224457726 0.727557421
41229.001802999 -1.241474509 -0.028593272 -0.138218284 0.072767921 0.635520220 0.216861337 0.737421215
41229.102100999 -1.243193150 -0.038055539 -0.132233620 0.073124208 0.634930968 0.216393813 0.738030672
41229.235737000 -1.245737314 -0.059031129 -0.108566761 0.074868299 0.633937895 0.216446340 0.738693774
41229.269074000 -1.238707662 -0.061637431 -0.103571892 0.077216260 0.631844699 0.215707839 0.740459442
41229.302411999 -1.245966434 -0.062007189 -0.106581092 0.080883585 0.628945231 0.214957640 0.742750943
41229.335748999 -1.250086427 -0.054920644 -0.108242750 0.091921046 0.622608960 0.211486354 0.747784793
41229.402423999 -1.247193813 -0.131410941 -0.087986827 0.094666280 0.621200860 0.216205746 0.747263670
41229.469099000 -1.260567784 -0.097328424 -0.067774296 0.106589310 0.617475748 0.207521379 0.751197219
41229.636358000 -1.279881716 -0.079685211 -0.042361736 0.099268407 0.606589973 0.202856109 0.762262285
41230.403745000 -1.268299699 -0.067148745 -0.046006083 0.046106178 0.626768470 0.244151413 0.738529384
41230.737674999 -1.309811592 -0.045293212 -0.099931598 0.047982417 0.622135043 0.264039755 0.735478640
41231.304930999 -1.492040277 -0.022607505 -0.114910722 0.051408369 0.642612040 0.277833253 0.712190747
41231.371606000 -1.517425895 -0.018886149 -0.113265991 0.047858950 0.649571240 0.283803523 0.703720331
41231.438281000 -1.534872651 -0.012517512 -0.114278078 0.039468952 0.654411852 0.291459233 0.696590900
41231.504955999 -1.551387548 -0.006516933 -0.115966320 0.027000738 0.660401762 0.298059762 0.688695133
41231.571917000 -1.555198669 0.008429408 -0.127905846 0.020821851 0.666797400 0.307338923 0.678594470
41231.805565000 -1.593168736 0.024510264 -0.158703446 0.013391619 0.688606679 0.319450140 0.650840402
41231.872239999 -1.602573395 0.026725709 -0.174273491 0.013041398 0.693609238 0.324160159 0.643161237
41231.938914999 -1.617273092 0.024412930 -0.195763111 0.014430626 0.700185716 0.325340331 0.635362387
41232.172849000 -1.647700310 0.037195086 -0.242890477 0.019505262 0.706218064 0.307228029 0.637562990
41232.239523999 -1.662793636 0.041732490 -0.255978107 0.018499635 0.698650301 0.299281389 0.649596930
41232.306214999 -1.666969419 0.045603037 -0.265277147 0.017585242 0.692976475 0.297002256 0.656706989
41232.406208000 -1.684335232 0.059197485 -0.287936926 0.014279140 0.672024965 0.289773315 0.681329608
41232.472883000 -1.695860147 0.069976449 -0.299386263 0.012353495 0.659733117 0.284278691 0.695546746
41232.539557999 -1.701954842 0.080456376 -0.314715385 0.008904782 0.646361649 0.283495843 0.708355427
41232.640141999 -1.704026222 0.098671675 -0.339911103 0.014347965 0.628036797 0.282510161 0.724949598
41232.706804000 -1.717266321 0.103654861 -0.349549532 0.019198228 0.616884112 0.279984087 0.735319197
41232.773479000 -1.723942161 0.112845480 -0.355982423 0.020584859 0.603844464 0.276742071 0.747236192
41232.840153999 -1.726357102 0.119031489 -0.360395789 0.020596216 0.590068460 0.275090992 0.758762121
41232.906828999 -1.731543183 0.124041557 -0.367547512 0.020966984 0.574298978 0.273582309 0.771293581
41233.006841000 -1.735700369 0.128004611 -0.368955970 0.019017119 0.552485764 0.269322067 0.788583279
41233.073801999 -1.730216026 0.130293489 -0.370040536 0.021155281 0.539840698 0.269279122 0.797253549
41233.140763000 -1.722321272 0.133328259 -0.370260835 0.020590818 0.525427222 0.270795792 0.806332469
41233.207437999 -1.708951235 0.137836695 -0.368929386 0.019734671 0.514209986 0.268408865 0.814343512
41233.340770000 -1.675253868 0.150933176 -0.365659833 0.013416544 0.502848983 0.255707204 0.825576603
41233.674716000 -1.580928087 0.150825232 -0.352691531 -0.001257116 0.496742666 0.235596582 0.835308015
41233.741391000 -1.558787584 0.149011999 -0.349579394 -0.002597737 0.490024567 0.235561758 0.839273393
41233.874738999 -1.529853344 0.150916100 -0.342753649 0.004554257 0.481174171 0.233209923 0.845022976
41234.041426999 -1.476981163 0.132094264 -0.333395243 -0.000253399 0.461737216 0.236545593 0.854894698
41234.108673000 -1.461606383 0.138593465 -0.336512268 0.004984942 0.454438955 0.230753690 0.860356390
41234.175347999 -1.434065938 0.129868656 -0.332107484 0.008920230 0.446500868 0.219257474 0.867458105
41234.208685999 -1.444838405 0.106696278 -0.303875506 0.011517609 0.449367374 0.215396717 0.866914451
41234.242022999 -1.478405714 0.099408090 -0.290067077 0.020445494 0.451356262 0.209353924 0.867196918
41234.308698000 -1.485918999 0.114027947 -0.275130093 0.038823873 0.437206656 0.195782036 0.876933575
41234.342036000 -1.487125874 0.138703465 -0.303333700 0.045582402 0.423419148 0.182608604 0.886167347
41234.408710999 -1.478256702 0.145048007 -0.307827801 0.039537523 0.401756316 0.167537570 0.899421990
41234.442047999 -1.469735742 0.130128920 -0.309435695 0.031082099 0.389715791 0.165123686 0.905477643
41234.508722999 -1.463631630 0.127787665 -0.301844865 0.027916541 0.368312001 0.156916320 0.915938973
41234.542061000 -1.489504337 0.096470445 -0.266515762 0.022114055 0.366442233 0.146289811 0.918602407
41234.609306999 -1.453488350 0.117945388 -0.308743626 0.033200219 0.331616342 0.135865107 0.932989299
41234.742657000 -1.453656912 0.106959015 -0.307907671 0.035211593 0.300525755 0.118029378 0.945787251
41234.842669999 -1.436122179 0.096072204 -0.307943434 0.042806983 0.276546627 0.107520491 0.954006791
41235.009383999 -1.389238715 0.079067886 -0.269920170 0.054041646 0.262806863 0.093487278 0.958786845
41235.176613000 -1.355317593 0.040504366 -0.235456914 0.060521893 0.266065150 0.083746240 0.958401322
41235.209949999 -1.348471165 0.033590637 -0.216969550 0.067172013 0.270075679 0.084347039 0.956782460
41235.276624999 -1.342629671 0.009716764 -0.206600398 0.084717833 0.272437960 0.088911459 0.954303503
41235.409975000 -1.338218689 -0.010159269 -0.145771533 0.105752066 0.270779669 0.079923525 0.953471065
41235.476649999 -1.330484867 -0.025076725 -0.109325841 0.108405799 0.274995446 0.078318723 0.952098668
41235.576949000 -1.336010218 -0.056219734 -0.049529329 0.104173012 0.272892296 0.081564002 0.952903509
41235.610571999 -1.337457061 -0.075308412 -0.024663985 0.103644684 0.267556608 0.084581703 0.954210222
41235.643908999 -1.333228469 -0.109678209 -0.013677284 0.105626196 0.258722007 0.085326828 0.956360459
41235.677246999 -1.343717098 -0.122433580 -0.018649496 0.115887642 0.249234721 0.089404248 0.957318664
41235.743922000 -1.331996679 -0.118874982 0.006442241 0.125382513 0.229002506 0.093195818 0.960807800
41235.810597000 -1.313577890 -0.143281609 0.025809288 0.129785433 0.217488453 0.088274285 0.963359833
41235.877271999 -1.303580999 -0.164648578 0.052051403 0.140454590 0.216457009 0.078251436 0.962961912
41236.010622000 -1.317024589 -0.164918974 0.077808604 0.150072306 0.217313945 0.057783585 0.962763786
41236.144543000 -1.327263832 -0.165237427 0.093985558 0.143134907 0.211570993 0.049999788 0.965530992
41236.578265999 -1.307335019 -0.123437151 0.090672068 0.116342895 0.177761436 0.061349105 0.975244343
41237.045346999 -1.290638685 -0.104842745 0.098889157 0.049451321 0.144785270 0.051493563 0.986884117
41237.211894000 -1.315469146 -0.116007723 0.101950943 0.041805178 0.128089219 0.043877322 0.989909232
41237.411918999 -1.320783019 -0.111040741 0.102600783 0.035320003 0.085191302 0.023945119 0.995450437
41237.646424999 -1.332816720 -0.110478222 0.102374561 0.027671376 0.038615420 0.004529259 0.998860657
41237.946454999 -1.287460089 -0.094532661 0.074697196 0.022916019 -0.015892830 -0.011646983 0.999543190
41238.280351000 -1.307854533 -0.094607189 0.089042418 0.013452907 -0.054650221 -0.033910442 0.997838914
41238.413700999 -1.331557870 -0.098309636 0.109818250 0.005136013 -0.079590596 -0.045546822 0.995773315
41238.447038999 -1.339681149 -0.104304016 0.115826733 0.004117540 -0.087436274 -0.047941603 0.995007336
41238.513714000 -1.346825600 -0.104162991 0.130464271 0.006472499 -0.106334589 -0.058568347 0.992582917
41238.747647999 -1.398103833 -0.127827838 0.179030314 0.005140231 -0.131235927 -0.086399168 0.987565637
41238.880998000 -1.420170665 -0.125195324 0.211622253 0.013701006 -0.142494291 -0.101107463 0.984522700
41239.047684999 -1.460579276 -0.145326346 0.238361314 0.008761059 -0.162774101 -0.107728288 0.980725467
41239.181606999 -1.477125049 -0.148027971 0.259531349 0.009312626 -0.188448504 -0.107991479 0.976083159
41239.348294000 -1.496574521 -0.159579113 0.276883900 0.000839619 -0.210703984 -0.121468127 0.969973564
41239.481643999 -1.505274534 -0.158349901 0.279580832 0.001167860 -0.230447873 -0.144037336 0.962364614
41239.514982000 -1.501039028 -0.164470598 0.271244138 0.005279998 -0.243045688 -0.147832260 0.958669186
41239.648858000 -1.490301013 -0.160876080 0.256690800 0.020588186 -0.283101827 -0.151743710 0.946785808
41239.782113000 -1.487328291 -0.157958865 0.247577280 0.021608382 -0.306581438 -0.173369169 0.935673058
41239.882124999 -1.480384350 -0.151005939 0.238357604 0.021965263 -0.332305789 -0.180057615 0.925564528
41239.982137999 -1.470011830 -0.162732631 0.229434729 0.016234165 -0.357904911 -0.185456485 0.915011704
41240.082531000 -1.454988837 -0.161313713 0.229856551 0.019476842 -0.382159770 -0.190774173 0.903979957
41240.216262000 -1.443552017 -0.160766274 0.229194760 0.022722589 -0.397726476 -0.198582739 0.895467579
41240.349611999 -1.427925110 -0.159383446 0.222149909 0.027000407 -0.414427400 -0.206277043 0.885985792
41240.650221000 -1.413470149 -0.155265063 0.205724001 0.021717446 -0.449569881 -0.223085418 0.864666522
41241.651357000 -1.634035945 -0.059729844 0.106340587 -0.013978809 -0.394010484 -0.170296773 0.903083265
41241.751369999 -1.663396955 -0.060805157 0.111265779 -0.024723696 -0.388257205 -0.174639389 0.904514313
41241.851370999 -1.694410324 -0.067800626 0.118437916 -0.027249433 -0.373894542 -0.173652217 0.910661995
41241.984721000 -1.731329441 -0.059090108 0.127769053 -0.029456832 -0.363869935 -0.174447045 0.914493978
41242.151980000 -1.790749907 -0.065140605 0.150647104 -0.042908862 -0.351138830 -0.176923886 0.918454289
41242.251991999 -1.834326744 -0.080414519 0.166146606 -0.051207349 -0.353352040 -0.166438818 0.919139981
41242.518718999 -1.932378888 -0.092712626 0.166619509 -0.059733447 -0.359278709 -0.165528044 0.916488528
41242.619302999 -1.979661822 -0.088866636 0.143505394 -0.053915422 -0.362648755 -0.172684908 0.914198518
41242.719315000 -2.017574072 -0.085305125 0.127025127 -0.051375326 -0.373673975 -0.186196774 0.907226026
41242.819327999 -2.067249537 -0.085346669 0.100117743 -0.038661931 -0.374745339 -0.192060709 0.906191945
41242.952678000 -2.122911930 -0.056637377 0.054156840 -0.018186934 -0.378109992 -0.187189087 0.906455934
41243.052689999 -2.183054686 -0.046280429 0.015840709 -0.019177198 -0.374752015 -0.185182035 0.908240497
41243.186611999 -2.262976408 -0.018399328 -0.053873241 -0.021181040 -0.371982902 -0.174122155 0.911516070
41243.286624000 -2.292909622 -0.003626019 -0.087852359 -0.028650651 -0.381415129 -0.175035208 0.907228947
41243.386637000 -2.368745327 0.004261196 -0.108046293 -0.048676137 -0.378814220 -0.194172695 0.903563738
41243.486597000 -2.446314573 -0.007218361 -0.157251120 -0.039243225 -0.373740971 -0.205413729 0.903649747
41243.586896000 -2.481678486 0.046473473 -0.188088298 -0.020330938 -0.390956312 -0.205662876 0.896907270
41243.687114000 -2.567517757 0.069829702 -0.213175476 -0.024355413 -0.405286133 -0.209424868 0.889545500
41243.787126000 -2.640808105 0.068886280 -0.236796141 -0.027050745 -0.427046716 -0.210122734 0.879060745
41243.887138999 -2.684404850 0.080933422 -0.252304614 -0.027974423 -0.448794872 -0.207032576 0.868871748
41243.987151000 -2.761842489 0.071754426 -0.266441822 -0.027142232 -0.455425233 -0.203591600 0.866257250
41244.087448999 -2.826177120 0.088343561 -0.297811985 -0.038192987 -0.458499372 -0.207958743 0.863176048
41244.187747999 -2.905175686 0.088128120 -0.301617384 -0.043456450 -0.449131161 -0.205782935 0.868358374
41244.254422999 -2.948985100 0.099435955 -0.316086173 -0.042990088 -0.442161798 -0.200156316 0.873259544
41244.354435000 -3.031187296 0.111288786 -0.337322474 -0.046286210 -0.428611308 -0.192063451 0.881624401
41244.454447999 -3.112951517 0.114713848 -0.359829128 -0.046707697 -0.413365155 -0.174405679 0.892485440
41244.554459999 -3.174423695 0.129408211 -0.394182265 -0.048956923 -0.402856588 -0.160582781 0.899734914
41244.655043999 -3.255762339 0.137227565 -0.420157731 -0.046257135 -0.389669836 -0.150807798 0.907344878
41244.755057000 -3.316141129 0.152369380 -0.449961841 -0.049660768 -0.385970563 -0.145297080 0.909642398
41244.821731999 -3.382854939 0.135504186 -0.467939198 -0.046121549 -0.376387566 -0.147348225 0.913506269
41244.888406999 -3.413589954 0.159945756 -0.482881129 -0.033762377 -0.379856199 -0.142570376 0.913369119
41244.988419000 -3.489330053 0.167084485 -0.501752079 -0.033421692 -0.384043008 -0.133193344 0.913046300
41245.055154000 -3.547575235 0.181076109 -0.501380146 -0.031693246 -0.386462778 -0.130469754 0.912479997
41245.122400000 -3.596240997 0.185226381 -0.533627748 -0.033160560 -0.388698101 -0.125762060 0.912139297
41245.189075000 -3.657452583 0.198286861 -0.517256856 -0.045635268 -0.389336616 -0.137811229 0.909583688
41245.222413000 -3.683609486 0.179582208 -0.518886209 -0.049257942 -0.387246996 -0.137842357 0.910281777
41245.289087999 -3.726813316 0.196767926 -0.547795653 -0.036770321 -0.385822535 -0.135778606 0.911785662
41245.355762999 -3.783447742 0.207740501 -0.548414469 -0.044207945 -0.379333138 -0.145734087 0.912641048
41245.422358999 -3.836558580 0.207066447 -0.548841298 -0.048627064 -0.370902121 -0.149431363 0.915279925
41245.489033999 -3.881881714 0.209936395 -0.558434963 -0.046903107 -0.366376430 -0.150159582 0.917071700
41245.555709000 -3.921784639 0.219827861 -0.571048260 -0.039026503 -0.362662107 -0.146333635 0.919532299
41245.622955999 -3.960098267 0.235233277 -0.582708538 -0.036383972 -0.355040073 -0.143606499 0.923038423
41245.689631000 -4.002630234 0.237984836 -0.596517384 -0.037804097 -0.344395876 -0.134999350 0.928298235
41245.756306000 -4.036288738 0.244686708 -0.626130700 -0.040222723 -0.334987432 -0.127649173 0.932668924
41245.822980999 -4.072490215 0.239173472 -0.623797774 -0.045574371 -0.329490304 -0.120701320 0.935302258
41245.856317999 -4.090987682 0.227881014 -0.631265581 -0.044440132 -0.326799870 -0.113997549 0.937140107
41245.922993000 -4.113655090 0.249419928 -0.662833154 -0.033279482 -0.322242707 -0.103052981 0.940442562
41245.989668000 -4.148963451 0.252848923 -0.676440954 -0.041558441 -0.314543128 -0.105672508 0.942427099
41246.023006000 -4.164477825 0.250430703 -0.676681280 -0.043975092 -0.313733339 -0.107736394 0.942353725
41246.056342999 -4.183798790 0.246558651 -0.677720904 -0.044376418 -0.314231843 -0.109702304 0.941941857
41246.123590000 -4.210669041 0.252573252 -0.685906529 -0.034933221 -0.316674650 -0.110238634 0.941458583
41246.190264999 -4.236936092 0.266559422 -0.695762396 -0.032410402 -0.315872610 -0.107617132 0.942121327
41246.256939999 -4.264072418 0.269417524 -0.696580172 -0.037108734 -0.315417469 -0.105243646 0.942368627
41246.323615000 -4.296195030 0.274671465 -0.676979482 -0.041230731 -0.308409095 -0.106273197 0.944399238
41246.423626999 -4.336619854 0.262976944 -0.677493095 -0.040671144 -0.301757246 -0.099336863 0.947322905
41246.490301999 -4.344232559 0.279780984 -0.686212182 -0.031659059 -0.289919555 -0.101981372 0.951075315
41246.657560999 -4.398041725 0.275995195 -0.687925100 -0.043999534 -0.262141854 -0.102264054 0.958586395
41246.690899000 -4.402241707 0.276695967 -0.694186568 -0.038437400 -0.259180605 -0.100760400 0.959789217
41246.757630000 -4.408071518 0.289044201 -0.706915140 -0.024018921 -0.251525015 -0.096389189 0.962739527
41246.790967000 -4.409593582 0.298898906 -0.719475448 -0.019551335 -0.244872183 -0.095708869 0.964621782
41246.857642000 -4.422865868 0.311019093 -0.735591233 -0.027799226 -0.227911577 -0.094156675 0.968719840
41246.957654999 -4.438519478 0.330727398 -0.766237497 -0.034540486 -0.219787151 -0.096688949 0.970129788
41247.024330000 -4.444351196 0.341892481 -0.788003564 -0.044954322 -0.217753157 -0.102218576 0.969594777
41247.258278000 -4.444425106 0.380421281 -0.846268892 -0.077931412 -0.216290176 -0.085452281 0.969455123
41247.324953000 -4.441195011 0.390606910 -0.855488300 -0.087538213 -0.213886872 -0.084266119 0.969272256
41247.391627999 -4.438634396 0.403729856 -0.865311623 -0.088390887 -0.204450503 -0.087338306 0.970957816
41247.591938999 -4.416287899 0.425717950 -0.887432218 -0.085002072 -0.179189622 -0.078289926 0.977003813
41247.658898000 -4.405910492 0.423763514 -0.871223211 -0.093567535 -0.164583802 -0.073901400 0.979130208
41247.758909999 -4.389160633 0.415141106 -0.872386813 -0.096471168 -0.144770473 -0.069701567 0.982281327
41247.825584999 -4.380579472 0.413470805 -0.863550484 -0.092725575 -0.129255652 -0.063373111 0.985230327
41247.992273000 -4.344188690 0.395591706 -0.834910810 -0.092752315 -0.104076557 -0.049748138 0.988984406
41248.058947999 -4.328583717 0.390782386 -0.826304853 -0.083019838 -0.097484820 -0.048958790 0.990559161
41248.392893999 -4.236647606 0.341212064 -0.765026450 -0.058814365 -0.098782659 -0.038325839 0.992629886
41248.459568999 -4.215891361 0.334181964 -0.751828432 -0.051196925 -0.098973557 -0.040149938 0.992960811
41248.526244000 -4.188775063 0.321936548 -0.732362449 -0.051283803 -0.098784983 -0.032029103 0.993270159
41248.626802999 -4.153970242 0.302201539 -0.700226247 -0.049552016 -0.091811121 -0.029308787 0.994110823
41248.760153000 -4.110650539 0.293193936 -0.661362171 -0.055665571 -0.089659221 -0.026975187 0.994049788
41248.893502999 -4.073728561 0.282336533 -0.631683290 -0.060863752 -0.098633423 -0.024618274 0.992955685
41248.993505999 -4.054391861 0.276105970 -0.610328794 -0.065054812 -0.102293082 -0.025783036 0.992289901
41249.127399999 -4.024518013 0.258150607 -0.575168848 -0.074182391 -0.111184902 -0.028260132 0.990624189
41249.227404999 -4.005743027 0.233481959 -0.545427024 -0.062522128 -0.122375242 -0.028700080 0.990096748
41249.327393999 -3.969077349 0.229807228 -0.511600077 -0.045739427 -0.120396167 -0.023644645 0.991389751
41249.427396999 -3.940869570 0.208018079 -0.471942425 -0.046149489 -0.100330889 -0.025580849 0.993554056
41249.460734000 -3.937117815 0.194064260 -0.450918049 -0.043528415 -0.091820650 -0.023718089 0.994540989
41249.527409000 -3.914532185 0.175074056 -0.442598969 -0.027211459 -0.083816871 -0.014225970 0.996008039
41249.627993000 -3.883026361 0.176899657 -0.392756939 -0.006446040 -0.072155252 -0.006759605 0.997349679
41249.728005999 -3.829787731 0.173916727 -0.383077562 0.000381127 -0.063141771 -0.002519336 0.998001337
41249.861356000 -3.808409929 0.173978165 -0.328823477 -0.020729959 -0.050308891 -0.003635806 0.998511970
41249.961367999 -3.784674644 0.155391574 -0.294383943 -0.036530480 -0.052678060 0.001209002 0.997942448
41250.061380999 -3.745670080 0.152889058 -0.277247816 -0.035294592 -0.058325436 0.005597551 0.997657835
41250.161953000 -3.712279081 0.158568516 -0.268473923 -0.028047737 -0.069920354 0.000174004 0.997158229
41250.261964999 -3.662521601 0.164138943 -0.272919744 -0.027666153 -0.098568998 -0.016100589 0.994615257
41250.361978000 -3.606037378 0.176574022 -0.282999367 -0.025134081 -0.124863371 -0.027470155 0.991475105
41250.461990000 -3.550589085 0.163478687 -0.293282211 -0.029344242 -0.155766562 -0.040482499 0.986527681
41250.595626000 -3.471645594 0.160476387 -0.303784043 -0.034800019 -0.167523041 -0.051388308 0.983912766
41250.729262000 -3.407429695 0.150558323 -0.303996563 -0.036817964 -0.170208961 -0.043144479 0.983774364
41250.895948999 -3.358974934 0.147025764 -0.279186964 -0.043505047 -0.160904452 -0.022598371 0.985751688
41251.029299000 -3.304842710 0.133424401 -0.243544966 -0.049406301 -0.159814894 -0.020583348 0.985694945
41251.096259999 -3.257725239 0.114509620 -0.225032121 -0.050153639 -0.153233320 -0.017220816 0.986766219
41251.196558000 -3.248548985 0.107765123 -0.169576555 -0.041821055 -0.117893316 -0.016832139 0.992002428
41251.296570999 -3.207178116 0.102477387 -0.145597547 -0.041490428 -0.100310430 -0.017200056 0.993941903
41251.396583000 -3.231385469 0.087136924 -0.101615548 -0.038480595 -0.079826616 -0.013500250 0.995974243
41252.030622999 -3.094890833 0.036204234 -0.051879492 -0.050715033 -0.096948326 -0.036413640 0.993329287
41252.164544999 -3.034306526 0.055395998 -0.059913717 -0.035839975 -0.095630795 -0.028410805 0.994365692
41252.297864000 -2.967830658 0.046569355 -0.057182364 -0.039675362 -0.081757240 -0.017896222 0.995701432
41252.397848000 -2.936537266 0.051434204 -0.057021685 -0.041604314 -0.064153552 -0.008113613 0.997039437
41252.497861000 -2.895583391 0.062951550 -0.061670620 -0.042204373 -0.046899732 0.000162438 0.998007596
41252.564535999 -2.869898081 0.052997798 -0.062066205 -0.048086002 -0.037069090 0.005112407 0.998142004
41252.665119999 -2.848049164 0.062368240 -0.064010002 -0.050057955 -0.026696904 0.011261601 0.998325944
41252.765132000 -2.802951336 0.041896444 -0.038296670 -0.058681827 -0.023034681 0.022394106 0.997759700
41252.865145000 -2.774657726 0.038399298 -0.028783502 -0.053816400 -0.012144757 0.026133262 0.998134971
41252.965156999 -2.728456259 0.018128160 -0.006054129 -0.051804040 0.001891347 0.032383993 0.998130262
41253.098749999 -2.694962025 0.008436066 0.021424096 -0.039464589 0.022635302 0.037806541 0.998248935
41253.199048000 -2.653913260 -0.005710053 0.049405381 -0.041399788 0.030983085 0.035496708 0.998031139
41253.299060999 -2.613168478 -0.032894861 0.089378528 -0.042706266 0.041791648 0.031652953 0.997711241
41253.432411000 -2.570375681 -0.045755453 0.118052356 -0.035031363 0.059258316 0.033054620 0.997080088
41253.532422999 -2.529096603 -0.059470620 0.150696188 -0.037630092 0.072295129 0.041758601 0.995797992
41253.632984999 -2.507157087 -0.062336102 0.164360195 -0.041076101 0.077813417 0.048473891 0.994941294
41253.732996999 -2.465536833 -0.066486254 0.175755680 -0.052085627 0.076111294 0.047178477 0.994619727
41253.833010000 -2.413671970 -0.074303426 0.196452066 -0.059946112 0.084089935 0.052683290 0.993257165
41253.933021999 -2.367482662 -0.074882247 0.207584560 -0.055190917 0.084604695 0.054620340 0.993384421
41254.033035000 -2.312037468 -0.080964580 0.218511581 -0.051773850 0.086695358 0.051911484 0.993533373
41254.099995999 -2.270870924 -0.093016177 0.219677612 -0.044215638 0.085028246 0.056455374 0.993794739
41254.200294000 -2.213883162 -0.108357154 0.206776083 -0.023464315 0.078778632 0.048394144 0.995440304
41254.233631000 -2.190813065 -0.110901006 0.195487842 -0.017193297 0.080513552 0.043116558 0.995672107
41254.266968999 -2.171736240 -0.108096972 0.188459396 -0.013547955 0.084855616 0.040521126 0.995476782
41254.300305999 -2.152418375 -0.110928930 0.181943357 -0.015234886 0.090011626 0.037158906 0.995130658
41254.433656000 -2.091859341 -0.123041146 0.199467316 -0.004171085 0.105486557 0.026949400 0.994046748
41254.567005999 -2.018015862 -0.126743287 0.199579731 -0.007348823 0.105629705 0.042167068 0.993483961
41254.700919000 -1.935757995 -0.112015001 0.205386624 -0.002351219 0.114247523 0.054124419 0.991974056
41254.801119000 -1.899226189 -0.119433388 0.217587546 -0.013345915 0.124243207 0.054605339 0.990658283
41254.901130999 -1.849758983 -0.132774621 0.242251351 -0.024948785 0.140763715 0.056238282 0.988129735
41255.001144000 -1.808673620 -0.141095236 0.278168052 -0.025849549 0.146935314 0.046842560 0.987698138
41255.234687999 -1.701527119 -0.143330976 0.328685611 -0.037363809 0.133846432 0.050652206 0.989001215
41255.334700999 -1.662288785 -0.149019390 0.341320723 -0.047218621 0.112547301 0.056662623 0.990905106
41255.468051000 -1.616641402 -0.142296001 0.351628006 -0.049377222 0.093840711 0.054047044 0.992892146
41255.568062999 -1.585822582 -0.134907186 0.341728300 -0.039257746 0.069464788 0.039615862 0.996024132
41257.204054000 -1.271334767 -0.132040128 0.255376399 0.003745727 0.077597328 0.042647284 0.996065199
41257.304066999 -1.252611518 -0.116971262 0.259093285 0.004509455 0.096151814 0.056869820 0.993730545
41257.470754000 -1.229992986 -0.129283607 0.282875091 -0.011573158 0.129239768 0.080009267 0.988312542
41257.604676000 -1.206712723 -0.136498123 0.299101800 -0.013795795 0.155305177 0.095348716 0.983157516
41257.838038000 -1.169371128 -0.143144414 0.323007584 -0.009207143 0.201975718 0.111933388 0.972929597
41257.971387999 -1.133315563 -0.154016241 0.347629994 -0.016900271 0.234821364 0.124156609 0.963928640
41258.105309999 -1.116358995 -0.147429228 0.362139344 -0.028266830 0.261353999 0.126319513 0.956524193
41258.271997000 -1.054657340 -0.139508098 0.377265453 -0.036497902 0.253939539 0.120649755 0.958971500
41258.405358000 -0.995543242 -0.149683312 0.382718831 -0.041493166 0.243269160 0.113085665 0.962450027
41258.538708000 -0.930080473 -0.128864959 0.362718284 -0.037848271 0.218505323 0.108859561 0.969005942
41258.705707000 -0.859486759 -0.127662241 0.325733334 -0.029960549 0.208258733 0.088398255 0.973610044
41258.839056999 -0.802494168 -0.139185235 0.329805732 -0.042211547 0.210942805 0.085257202 0.972857893
41258.939070000 -0.765238047 -0.137788951 0.321408093 -0.032366727 0.209628642 0.085320249 0.973513603
41259.039082000 -0.724063993 -0.131361023 0.317481428 -0.030981412 0.207086414 0.076676585 0.974821091
41259.173194000 -0.651865959 -0.133945525 0.329195470 -0.027402004 0.209287047 0.075578324 0.974543989
41259.373219000 -0.544440389 -0.132252827 0.323006868 -0.038511261 0.226636618 0.066469654 0.970945179
41259.573530000 -0.434596181 -0.130371973 0.342198163 -0.042238604 0.233115152 0.056898419 0.969863832
41259.673827999 -0.395069361 -0.131380394 0.355303615 -0.052572515 0.222227156 0.074866541 0.970693707
41259.773815000 -0.355952024 -0.142510414 0.358280778 -0.055644166 0.210684627 0.080420069 0.972650170
41259.840490000 -0.332979620 -0.142298475 0.364630133 -0.051249765 0.210052863 0.077721812 0.973247468
41259.940502999 -0.307090580 -0.136897668 0.358409673 -0.044618916 0.197644919 0.067246802 0.976945996
41260.007177999 -0.283997267 -0.142046258 0.358561426 -0.044099171 0.179762751 0.056723479 0.981082618
41260.107715999 -0.241946250 -0.135397121 0.347446561 -0.028734468 0.168163195 0.051228877 0.984007657
41260.207729000 -0.206204742 -0.129573986 0.337076753 -0.022960601 0.153872609 0.049848322 0.986565351
41260.341078999 -0.143792853 -0.126811147 0.300893009 -0.016771806 0.148095667 0.046411701 0.987741053
41260.474429000 -0.086806700 -0.118698306 0.277024478 -0.019278778 0.146411434 0.039068177 0.988264024
41260.608350000 -0.044935886 -0.102815285 0.285623819 -0.024232335 0.143978149 0.053123303 0.987856805
41260.708362999 0.002812408 -0.105899878 0.263986140 -0.015366212 0.135884121 0.068891697 0.988207161
41260.808375000 0.055680644 -0.100483470 0.266517431 -0.015033871 0.144036070 0.074035987 0.986684501
41260.875050000 0.087169766 -0.099825650 0.272148401 -0.012811193 0.147927716 0.075767219 0.986008465
41260.975062999 0.127910390 -0.094735771 0.300063193 -0.005848166 0.154397815 0.071920350 0.985370278
41261.075355000 0.174491823 -0.106865458 0.316036552 0.000249506 0.152076274 0.058097839 0.986659706
41261.208990999 0.238405660 -0.117564537 0.345805734 -0.011355904 0.147574604 0.057581782 0.987308025
41261.309004000 0.284246057 -0.124301024 0.364630103 -0.005680114 0.152952448 0.058557350 0.986480772
41261.409015999 0.297289580 -0.118035972 0.388427675 -0.006897761 0.141058907 0.073541269 0.987241864
41261.509029000 0.350138098 -0.126858696 0.381835490 -0.006563152 0.120324381 0.080473281 0.989445806
41261.609613000 0.379201859 -0.122919261 0.392962337 -0.008358258 0.111725435 0.076815866 0.990730464
41261.676288000 0.395771354 -0.122527577 0.390029669 -0.007809915 0.097517125 0.070507407 0.992702484
41261.809637999 0.471300155 -0.116528705 0.379160553 0.002638672 0.067387372 0.050172031 0.996461153
41261.942988000 0.516242266 -0.115693085 0.363681614 0.002246433 0.043360274 0.021495590 0.998825729
41262.076623000 0.555106103 -0.115732677 0.353304118 -0.000578297 0.020168224 0.005415720 0.999781787
41262.276929999 0.617990792 -0.125538081 0.329172850 0.010234553 0.005647189 -0.005531953 0.999916375
41262.410279999 0.652733922 -0.132818922 0.320019424 0.020611469 0.004426791 -0.004293868 0.999768555
41262.677551000 0.679931700 -0.145638630 0.315351754 0.037702966 0.004251421 -0.003603533 0.999273479
41262.844238999 0.697338104 -0.141419455 0.309737802 0.040934868 0.003710416 0.001001757 0.999154449
41263.044263999 0.693558335 -0.137788653 0.312706649 0.039765920 0.014474618 -0.002556939 0.999100924
41263.444890999 0.574491560 -0.139640108 0.337102532 0.008292628 0.034479242 -0.002998668 0.999366522
41263.544903000 0.521715343 -0.144258201 0.338425249 0.006712453 0.021585736 -0.009396644 0.999700308
41263.678825000 0.494494259 -0.142989427 0.329278827 0.002291881 -0.000608820 -0.007932926 0.999965727
41263.878951999 0.385793239 -0.153195307 0.351745009 -0.018560879 0.009474857 -0.000517297 0.999782741
41264.012302000 0.322717041 -0.135565072 0.347849935 -0.014369631 -0.001437583 0.004982458 0.999883294
41264.146032999 0.245305896 -0.126750991 0.351296455 -0.026539549 -0.009564376 0.000774558 0.999601722
41264.279396999 0.189037949 -0.126995459 0.348946661 -0.044587120 -0.035920497 -0.020410864 0.998150885
41264.412747000 0.138460696 -0.128385410 0.353918076 -0.058089949 -0.043224763 -0.035336517 0.996748984
41264.479421999 0.099095032 -0.138090104 0.366577655 -0.064033866 -0.049818162 -0.040632438 0.995874941
41264.579720000 0.056320928 -0.159848616 0.378009707 -0.055611663 -0.073999755 -0.046007432 0.994643033
41264.713356000 0.008236716 -0.198324218 0.408637494 -0.050044838 -0.059378084 -0.037254591 0.996284068
41264.879915999 -0.073196754 -0.216138661 0.436837047 -0.022179535 -0.044356316 -0.009546326 0.998723924
41265.080226999 -0.190203726 -0.232689306 0.475878567 -0.017443400 -0.044637397 0.002030010 0.998848915
41265.247199999 -0.259854406 -0.255961299 0.497089207 -0.023490360 -0.046286404 -0.015552030 0.998530924
41265.380550000 -0.312235385 -0.260441273 0.517350018 -0.018218843 -0.023371518 -0.007914321 0.999529481
41265.580774000 -0.401392311 -0.273529410 0.544406116 -0.018942775 0.042706523 0.029917210 0.998459995
41265.814422000 -0.514443517 -0.295965493 0.594059765 -0.024712913 0.101417676 0.058967892 0.992787242
41266.014447000 -0.575405598 -0.334724396 0.650010586 -0.027174491 0.118804052 0.061553616 0.990635335
41266.215234000 -0.626031399 -0.344630152 0.703304291 -0.014727245 0.119339332 0.072030067 0.990127742
41266.381921000 -0.656303406 -0.362689555 0.744979143 -0.012650259 0.102245465 0.084280930 0.991101742
41266.982567999 -0.803951979 -0.401100636 0.895158768 -0.073943846 0.224862605 0.150060475 0.959922373
41267.216525000 -0.871007383 -0.400783986 0.899760723 -0.070871577 0.295977473 0.180557922 0.935293198
41267.316537999 -0.884091854 -0.406498343 0.897843599 -0.078932077 0.315938324 0.196804792 0.924781382
41267.383213000 -0.897704124 -0.401013792 0.900350690 -0.076695614 0.332618803 0.204966173 0.917317510
41267.449888000 -0.899567127 -0.406659186 0.889521897 -0.075259812 0.342512339 0.214998737 0.911480606
41267.516509000 -0.913154483 -0.403587669 0.888510287 -0.069986351 0.363342673 0.217033625 0.903316379
41267.583469999 -0.926003456 -0.398388624 0.877328634 -0.065654583 0.378656358 0.220269829 0.896543443
41267.750442999 -0.962635934 -0.380570471 0.869146824 -0.058959600 0.400723934 0.239168406 0.882463932
41267.850454999 -0.987682760 -0.365514666 0.870626569 -0.067802668 0.403131455 0.252744615 0.876931012
41267.950468000 -1.002647161 -0.373510540 0.858527780 -0.077548496 0.408150733 0.268977940 0.868936241
41268.017142999 -1.023493052 -0.371685863 0.856843233 -0.072973281 0.421910882 0.279545873 0.859372020
41268.050479999 -1.035315275 -0.363608748 0.853920698 -0.075148009 0.422142506 0.284353018 0.857491612
41268.151063999 -1.059931278 -0.369604349 0.857957602 -0.083705224 0.429549098 0.292203844 0.850351632
41268.251077000 -1.077950001 -0.382806569 0.858385205 -0.096614793 0.438788831 0.302271485 0.840691388
41268.317752000 -1.087451696 -0.385965705 0.865029812 -0.094193473 0.456120610 0.308953464 0.829234183
41268.384426999 -1.105025411 -0.391654372 0.866798520 -0.085738793 0.474014223 0.313677818 0.818269968
41268.484413999 -1.126037717 -0.404692709 0.882302165 -0.090596132 0.501752615 0.314916283 0.800540090
41268.584712000 -1.140579462 -0.401364744 0.914638162 -0.090258300 0.532163799 0.326599717 0.775878787
41268.651673000 -1.142596006 -0.411966443 0.936612248 -0.083385229 0.552704215 0.337513477 0.757396638
41268.751685000 -1.168723226 -0.413213253 0.972981930 -0.078938283 0.568936288 0.364605397 0.732900500
41268.851697999 -1.171303868 -0.430781305 1.000129461 -0.070155635 0.588075519 0.383788466 0.708485544
41268.918373000 -1.193756580 -0.438687086 1.015045166 -0.054311514 0.595233858 0.392124891 0.699274600
41269.018385000 -1.186566234 -0.450196624 1.039179802 -0.075161926 0.599729359 0.402566791 0.687470376
41269.085345999 -1.177995920 -0.453157842 1.054148555 -0.075238079 0.609935462 0.405383050 0.676744103
41269.152306999 -1.175400972 -0.458207190 1.063371778 -0.067843825 0.618651390 0.404493093 0.670114160
41269.285657000 -1.159235954 -0.460484087 1.078567266 -0.069322832 0.626763880 0.411553770 0.658015847
41269.385669000 -1.128343821 -0.470593572 1.086811304 -0.061847121 0.627329648 0.424198776 0.650144458
41269.519018999 -1.090908647 -0.482493162 1.095681310 -0.051510587 0.642442644 0.429558247 0.632529676
41269.686278000 -1.038917661 -0.494460583 1.107867718 -0.035119634 0.665360630 0.432141930 0.607713223
41269.786290999 -1.023839712 -0.501177073 1.111339092 -0.033881728 0.674374282 0.431196302 0.598448932
41269.886306000 -1.002152681 -0.503356934 1.122022510 -0.037881363 0.689224184 0.434273690 0.578741193
41269.952981000 -0.989506602 -0.507262588 1.128993511 -0.036101654 0.701154172 0.436499417 0.562625766
41270.019655999 -0.976039410 -0.514654160 1.133269072 -0.033800568 0.711941719 0.439601123 0.546577871
41270.052993999 -0.974416494 -0.513460755 1.148000121 -0.027878815 0.721822202 0.438020110 0.535101712
41270.153577999 -0.959532857 -0.524004936 1.168382168 -0.025435874 0.738287389 0.442939788 0.508024693
41270.286928000 -0.945643783 -0.540281773 1.210836530 -0.022057828 0.751964152 0.449803025 0.481394470
41270.353603000 -0.947009563 -0.552106082 1.230082393 -0.016090995 0.758699059 0.448328972 0.472353637
41270.420277999 -0.950213373 -0.559587240 1.250965834 -0.013921435 0.764109612 0.448722184 0.463239908
41270.486952999 -0.954409719 -0.564977169 1.265822649 -0.016309986 0.765215576 0.454286277 0.455854207
41270.587248000 -0.947986722 -0.570128679 1.293242455 -0.022202136 0.767867208 0.463580191 0.441565871
41270.820896999 -0.955798268 -0.595720410 1.323499680 -0.023476882 0.772474229 0.468340993 0.428239584
41270.954247000 -0.952085495 -0.605272412 1.331364870 -0.028755425 0.778736234 0.466341883 0.418650508
41271.188180999 -0.955210090 -0.613233030 1.336171627 -0.033409562 0.792932510 0.460068882 0.398093581
41271.622130999 -0.956834197 -0.614568233 1.330219388 -0.020869777 0.812286973 0.443464845 0.378276676
41271.722143999 -0.956390440 -0.618939281 1.317789435 -0.016529722 0.816922843 0.438975632 0.373716801
41271.855494000 -0.954748750 -0.617744148 1.297708035 -0.009180655 0.823881209 0.433968544 0.364426613
41271.922168999 -0.961773038 -0.612690270 1.286423683 -0.005835405 0.826999724 0.430822879 0.361149609
41272.055519000 -0.963146865 -0.599516332 1.264902353 -0.003160727 0.832135975 0.432470381 0.347144365
41272.189358000 -0.962693810 -0.586984336 1.220295310 0.000977481 0.837397218 0.435673237 0.330081493
41272.322707999 -0.968523264 -0.561557651 1.176288605 0.008348157 0.843874633 0.431838334 0.318310440
41272.422721000 -0.973641872 -0.552301466 1.140197396 0.013816990 0.849213541 0.428208709 0.308679253
41272.556070999 -0.982459664 -0.527597010 1.084458470 0.019301327 0.856966972 0.424276501 0.291932344
41272.689991999 -0.996583223 -0.508143187 1.027137280 0.020086216 0.866484582 0.416393816 0.274621874
41272.823342000 -1.009687901 -0.495564640 0.985322952 0.018040761 0.879715443 0.402213156 0.252982020
41272.956691999 -1.029087067 -0.475145757 0.946716070 0.024237219 0.888490856 0.399679154 0.224172130
41273.123951000 -1.029671431 -0.446364164 0.866654515 0.031270064 0.886452496 0.420254350 0.191338494
41273.223963999 -1.038421750 -0.434086859 0.844602704 0.039661564 0.890330970 0.414948732 0.183181047
41273.323975999 -1.037758112 -0.416386127 0.804106712 0.033077717 0.897559583 0.409175128 0.160836533
41273.423989000 -1.023694992 -0.387889415 0.778288603 0.032054048 0.905728877 0.401240438 0.132792592
41273.524066999 -1.020876527 -0.380506754 0.724471450 0.047101568 0.917558610 0.379822701 0.107714109
41273.624681000 -1.014546156 -0.364116490 0.709735870 0.052543867 0.926480830 0.361208975 0.091654651
41273.757996000 -1.012670636 -0.353134811 0.685980320 0.049436286 0.929839849 0.357665777 0.070916861
41273.858008000 -0.998089671 -0.339755595 0.664388299 0.047144461 0.934916854 0.347011149 0.057368591
41273.991357999 -1.000709057 -0.349068880 0.632823050 0.047651798 0.940434456 0.331856310 0.056424830
41274.191764000 -1.024921775 -0.342645824 0.623732030 0.046160359 0.950035810 0.303411394 0.056945223
41274.358452000 -1.058219194 -0.338465095 0.604908347 0.049110327 0.949786365 0.303449214 0.058417581
41274.491801999 -1.111846924 -0.342153132 0.607736468 0.042984772 0.947371423 0.311177522 0.061710879
41274.592077000 -1.123910546 -0.317844391 0.583386183 0.035234287 0.942557991 0.326477587 0.061281260
41274.825721000 -1.208421469 -0.317561805 0.558929741 0.034936041 0.940124154 0.331669062 0.070297703
41274.959070999 -1.237436175 -0.299540192 0.542748451 0.031424288 0.939669132 0.334425509 0.064761296
41275.126329999 -1.274549246 -0.291606218 0.520804226 0.024437157 0.937512934 0.340696096 0.066321388
41275.326223999 -1.312553763 -0.286802828 0.505458891 0.032908682 0.937084973 0.339349449 0.075038299
41275.627023000 -1.381705761 -0.275637329 0.482616782 0.030916411 0.932301819 0.351960868 0.077336989
41275.760372999 -1.408027053 -0.264450222 0.462472260 0.030926732 0.929776728 0.360011935 0.070357323
41275.893723000 -1.433939695 -0.246443629 0.418779850 0.021347046 0.922936678 0.379127353 0.063203886
41275.993735999 -1.481423259 -0.241566092 0.393288493 0.016117822 0.922445595 0.381220609 0.059204377
41276.094034000 -1.523374081 -0.231323093 0.356594265 0.002974643 0.920092404 0.389221162 0.043909185
41276.194331999 -1.504930258 -0.178855866 0.317511410 -0.009527260 0.919510245 0.392605513 0.016463473
41276.294345000 -1.524619579 -0.146527559 0.299010456 -0.017015729 0.916830242 0.398779303 0.010386104
41276.394356999 -1.523715973 -0.114673391 0.258679420 0.028836265 -0.907422185 -0.419214338 0.003587631
41276.494370000 -1.543041348 -0.108891591 0.213216901 0.029285789 -0.903542876 -0.427407712 0.008679977
41276.628320999 -1.594903350 -0.093021661 0.194360033 0.027273765 -0.897869051 -0.438939631 0.020476829
41276.761671000 -1.610367417 -0.084738947 0.182941556 0.027345223 -0.893331647 -0.446536124 0.042618394
41277.128955000 -1.733266115 -0.084524222 0.140777856 0.023127493 -0.893290699 -0.447014064 0.040931433
41277.228968000 -1.795615315 -0.089331359 0.116880447 0.017734693 -0.891050935 -0.452031285 0.037167288
41277.328979999 -1.858355403 -0.079767458 0.116404459 0.013867107 -0.896758974 -0.440549105 0.039338946
41277.428998000 -1.920353532 -0.077964760 0.114611864 0.019130658 -0.895660043 -0.442511350 0.040135324
41277.662895000 -2.023274660 -0.072331205 0.103648409 0.022492232 -0.894804299 -0.443608344 0.045066841
41277.762907999 -2.061824560 -0.067018315 0.073043019 0.016905705 -0.890445650 -0.452309757 0.047293022
41277.896258000 -2.132560730 -0.043823279 0.058235779 0.016162666 -0.891769469 -0.450132340 0.043207001
41277.996270000 -2.183450937 -0.029205665 0.033047259 0.011092775 -0.892255187 -0.448107630 0.054379590
41278.130191999 -2.264643431 -0.015881598 0.011317909 0.015671333 -0.891259074 -0.448370963 0.066145159
41278.163528999 -2.278570414 0.000865996 0.008899570 0.019519027 -0.889584303 -0.449938446 0.076250754
41278.296879000 -2.345339775 0.015891999 -0.036279082 0.025643811 -0.875195622 -0.467824250 0.120480329
41278.396891999 -2.403045177 0.031545758 -0.057356954 0.018160705 -0.876510084 -0.457960635 0.147215173
41278.463566999 -2.432889462 0.040137112 -0.059580207 0.006150158 -0.875344157 -0.453860968 0.166568384
41278.563579000 -2.483660936 0.044546485 -0.078072906 -0.011623300 -0.868955791 -0.461218446 0.179048330
41278.664163000 -2.543673992 0.041473329 -0.081662297 -0.016285311 -0.868947804 -0.456834137 0.189649940
41278.730838000 -2.561449528 0.054585695 -0.097627878 -0.010658207 -0.865015030 -0.459283262 0.201728344
41278.797512999 -2.597582340 0.053394377 -0.096896529 -0.010120127 -0.869190872 -0.453571618 0.196666256
41278.864187999 -2.633066177 0.046452999 -0.103252411 -0.011825657 -0.874004006 -0.448891491 0.185670912
41278.930915999 -2.668073654 0.038354576 -0.106460690 -0.013480577 -0.879990160 -0.440698117 0.176693827
41278.997545999 -2.706747293 0.035614252 -0.102921128 -0.016646942 -0.883942723 -0.433901668 0.173486218
41279.097749000 -2.753054619 0.027641952 -0.120270014 -0.008564827 -0.888914943 -0.429609329 0.158722356
41279.164615000 -2.787471294 0.026576996 -0.111153126 -0.004711941 -0.893638492 -0.424787730 0.144718304
41279.197952000 -2.802549124 0.025438249 -0.117159009 -0.001892561 -0.893901229 -0.426157564 0.139021203
41279.331301999 -2.859547138 0.012910366 -0.115779638 0.005509173 -0.901710153 -0.415335625 0.119936608
41279.431315000 -2.897105932 0.008920372 -0.143993974 0.009677501 -0.899008453 -0.423122972 0.112503648
41279.531326999 -2.924484730 0.010822356 -0.168624878 0.011492161 -0.905030668 -0.412431389 0.103381604
41279.632102000 -2.960194111 0.003866374 -0.180640101 0.018012704 -0.911843300 -0.402256846 0.080042742
41279.698776999 -3.005653620 -0.006712139 -0.203483582 0.033704005 -0.911519945 -0.402693808 0.076375000
41279.765451999 -3.026485682 0.006372452 -0.233609080 0.046693806 -0.912221432 -0.398773938 0.081554182
41279.832127000 -3.060687304 0.000760764 -0.259542584 0.058509573 -0.915287018 -0.389359772 0.085002147
41279.898802000 -3.074103355 -0.000662163 -0.280182242 0.072254069 -0.917422295 -0.379931867 0.093635313
41279.965476999 -3.091531515 0.005484208 -0.308138490 0.088381536 -0.920268118 -0.367378950 0.101626620
41280.065489000 -3.121940613 0.003288537 -0.342952728 0.096396610 -0.923696280 -0.353705496 0.111289218
41280.165883000 -3.139714479 0.024407983 -0.377351999 0.090850070 -0.928085864 -0.342914790 0.113191552
41280.399245000 -3.198684454 0.035393789 -0.411588669 0.073520817 -0.935673654 -0.332338929 0.093060881
41280.633162999 -3.247268915 0.074458435 -0.450067401 0.058348302 -0.942548692 -0.320004672 0.076121546
41280.866525999 -3.336485624 0.059235126 -0.465509176 0.059031736 -0.946329474 -0.312688231 0.056584820
41280.933186000 -3.360940695 0.073836975 -0.479788542 0.061631668 -0.948109627 -0.309346467 0.039930250
41281.100160000 -3.401250839 0.077466831 -0.515238106 0.058122903 -0.952146471 -0.299838662 0.011644136
41281.200457999 -3.452074051 0.035800695 -0.485029280 -0.047708210 0.955206096 0.292065620 0.001745817
41281.267133000 -3.454912186 0.099924691 -0.496114194 0.042145126 -0.950585723 -0.307522714 0.006356622
41281.400482999 -3.486847162 0.083649606 -0.524321020 0.016552173 -0.943182945 -0.331648409 0.011890776
41281.467157999 -3.500167370 0.113754988 -0.541818678 0.012297998 -0.935553193 -0.352888018 0.007683681
41281.533810000 -3.520727396 0.119703874 -0.565746844 -0.014759411 0.927704215 0.373020083 0.001743184
41281.600769999 -3.531752348 0.141849220 -0.576664567 -0.026011303 0.922283947 0.385549575 0.008199061
41281.701069000 -3.551231861 0.147724792 -0.605253875 -0.037621517 0.911912918 0.408385158 0.014866111
41281.767743999 -3.562394857 0.173791185 -0.612679303 -0.035197154 0.910935104 0.410989165 0.006804880
41281.834418999 -3.559273005 0.190798119 -0.641277313 -0.031128380 0.910710335 0.411869764 0.001005061
41281.967769000 -3.595499992 0.202596605 -0.624540567 0.005143222 -0.912783682 -0.408399910 0.003022753
41282.101325000 -3.619593859 0.215725392 -0.636350870 -0.010076415 -0.905433476 -0.424299091 0.007682232
41282.234961000 -3.651503563 0.214663327 -0.614310265 -0.011223341 -0.907087684 -0.420731306 0.007153247
41282.301635999 -3.662816525 0.213659942 -0.606821597 -0.003264138 -0.901882589 -0.431937695 0.005198919
41282.368310999 -3.674164534 0.218104720 -0.609952211 0.003193766 -0.895582795 -0.444686413 0.013236772
41282.434986000 -3.684347391 0.215218127 -0.608314633 0.002679884 -0.894030273 -0.447342396 0.024239833
41282.568319999 -3.707079172 0.214585960 -0.586042106 -0.003648154 -0.895466805 -0.444322497 0.026522728
41282.635756999 -3.713678360 0.225095868 -0.581148207 -0.010465547 -0.894626558 -0.445815951 0.027962478
41282.702431999 -3.727205038 0.217510939 -0.571165442 -0.019411042 -0.893245399 -0.448711038 0.019855931
41282.802444000 -3.742471457 0.222521782 -0.574877620 -0.017859034 -0.886601329 -0.462040335 0.011742857
41282.869119000 -3.754227400 0.214257926 -0.560992599 -0.015737373 -0.881712019 -0.471498817 0.005016797
