#timestamp tx ty tz qx qy qz qw
1560000122.942085981 0.000000000 0.000000000 0.000000000 -0.000000000 -0.000000000 -0.000000000 1.000000000
1560000123.708268881 -0.049478106 -0.010596071 0.088766098 -0.001989784 -0.086247742 -0.002431099 0.996268749
1560000123.741608143 -0.049246803 -0.010748040 0.093713202 -0.001940408 -0.086314224 -0.002779496 0.996262193
1560000124.041662931 -0.047979347 -0.010952287 0.142254949 -0.003132898 -0.083038911 -0.003700577 0.996534526
1560000124.475075245 -0.069544375 -0.007954059 0.129788801 -0.002279623 -0.092420951 -0.001997591 0.995715439
1560000124.575093269 -0.077476561 -0.007873530 0.128001973 -0.002595173 -0.103990726 -0.001733334 0.994573414
1560000124.707854986 -0.078258596 -0.010587065 0.126994982 -0.002999240 -0.115371488 -0.002478365 0.993314803
1560000124.941196442 -0.083892934 -0.008548761 0.124447353 -0.002442375 -0.119821832 -0.001828522 0.992790759
1560000125.007865667 -0.094383448 -0.005118588 0.124236293 -0.001458347 -0.128974140 -0.001238813 0.991646111
1560000125.074534655 -0.108706459 -0.004478363 0.115643188 -0.001140908 -0.142106757 -0.001715238 0.989849210
1560000125.241207123 -0.100539498 -0.007832118 0.111147188 -0.001523013 -0.173482940 -0.003499733 0.984829485
1560000127.610530376 -0.156321749 -0.006596481 0.202896491 -0.000793634 -0.209943414 -0.003237440 0.977707922
1560000127.810375452 -0.154851928 -0.007725093 0.238776982 -0.000993017 -0.196142644 -0.004134077 0.980566204
1560000128.810513735 -0.157310858 -0.009401998 0.311413854 -0.001203289 -0.113723934 -0.004031207 0.993503511
1560000129.110579491 -0.144717395 -0.012058790 0.330435485 -0.001725513 -0.084377758 -0.004285390 0.996423125
1560000129.310623884 -0.137661383 -0.013398631 0.344395638 -0.001533438 -0.059764240 -0.004552716 0.998201013
1560000129.749704599 -0.119245417 -0.014584620 0.365206271 -0.001410838 -0.019763391 -0.003701631 0.999796867
1560000130.083270550 -0.102234624 -0.018067410 0.390645981 -0.002206456 0.021736469 -0.004395973 0.999751627
1560000131.052813053 -0.123585455 0.002196093 0.407386094 0.003190469 0.044448499 0.002550029 0.999003351
1560000131.119558096 -0.132553220 0.008382521 0.406660378 0.005028419 0.031720631 0.003833571 0.999476790
1560000131.852705717 -0.096714459 -0.016398927 0.508618772 -0.001683718 0.043962203 -0.004198527 0.999022961
1560000131.952816010 -0.087143362 -0.016927162 0.530376554 -0.001516658 0.057332840 -0.005346431 0.998339653
1560000132.019556046 -0.082731187 -0.019141836 0.545616925 -0.002008988 0.069169596 -0.006061692 0.997584522
1560000132.086296320 -0.077324919 -0.017208209 0.560005605 -0.001142731 0.082391381 -0.006660546 0.996577144
1560000132.153036594 -0.065442577 -0.018063897 0.572527885 -0.001149524 0.094910711 -0.006709856 0.995462537
1560000132.286516905 -0.050389152 -0.018844090 0.594007969 -0.001206581 0.122112155 -0.005980726 0.992497563
1560000132.453367472 -0.031618450 -0.016738914 0.617144406 -0.000723492 0.147314683 -0.005299023 0.989075243
1560000132.586847544 -0.018458586 -0.016233198 0.634539604 -0.000441517 0.163561165 -0.005192237 0.986519456
1560000132.753698349 0.002964707 -0.018738091 0.651168466 -0.000912979 0.182672560 -0.005242744 0.983159423
1560000132.880801201 0.014649577 -0.013347262 0.667936027 0.000585854 0.198538706 -0.004360540 0.980083168
1560000133.147604942 0.032523897 -0.008183916 0.697599888 0.002092041 0.215965644 -0.003228959 0.976393402
1560000133.814768791 0.069090962 -0.005751366 0.793774188 0.002359997 0.206741527 -0.002740529 0.978388906
1560000134.214972496 0.103165969 -0.013848477 0.833508849 -0.000375601 0.216943726 -0.004391894 0.976174176
1560000134.381723881 0.121579751 -0.016237032 0.856401443 -0.001167058 0.232863382 -0.004150502 0.972499907
1560000134.515125275 0.142031223 -0.018193504 0.869021773 -0.001966443 0.248002470 -0.004355645 0.968747616
1560000134.581825733 0.151808470 -0.018969676 0.877777874 -0.002010716 0.257453293 -0.004678786 0.966277361
1560000134.681876659 0.169272304 -0.019540586 0.888575017 -0.002353703 0.271256417 -0.004770500 0.962492406
1560000134.748577356 0.182522506 -0.021313287 0.894751728 -0.003121378 0.280447513 -0.004853184 0.959852040
1560000134.815439701 0.195071489 -0.021073693 0.904038906 -0.002805305 0.290388286 -0.004957691 0.956891954
1560000134.948840380 0.221707761 -0.028769068 0.914312422 -0.005053469 0.312368125 -0.005934407 0.949929178
1560000135.048890829 0.237109244 -0.037049033 0.924802780 -0.007289733 0.333941400 -0.006469211 0.942543447
1560000135.215641737 0.277650565 -0.029569047 0.940425515 -0.005121003 0.369211435 -0.005727298 0.929313719
1560000135.415742636 0.320414603 -0.028719690 0.961901307 -0.003851024 0.406208843 -0.005174878 0.913757503
1560000135.615843773 0.364003658 -0.024903800 0.978522062 -0.002156982 0.435918212 -0.004530359 0.899972320
1560000135.949496746 0.427991539 -0.026048645 0.989520550 -0.001804773 0.479677200 -0.004773309 0.877430201
1560000136.182946444 0.481506109 -0.030272949 1.001232743 -0.002606571 0.510672688 -0.004864763 0.859757483
1560000136.383046627 0.532034874 -0.029977869 1.013199568 -0.002413556 0.539782047 -0.004936638 0.841786861
1560000136.649846554 0.592417598 -0.029990003 1.008977652 -0.001107506 0.574282765 -0.004062072 0.818646133
1560000136.883462191 0.649452448 -0.030338373 1.012222290 -0.000154323 0.598121822 -0.003970661 0.801395357
1560000137.216960430 0.730939567 -0.033911549 1.016593933 -0.000211072 0.634855747 -0.004101774 0.772619784
1560000137.550458670 0.840582550 -0.035948582 1.008794785 0.001071848 0.666930914 -0.002792917 0.745113552
1560000137.850795984 0.942052364 -0.039040327 1.009145141 0.002320419 0.681098938 -0.001916462 0.732185185
1560000138.050894260 1.011324644 -0.041281886 1.013913870 0.002684910 0.680756629 -0.001001684 0.732504070
1560000138.484440565 1.136463761 -0.043484889 1.031697392 0.004191705 0.672495186 -0.001826431 0.740087390
1560000138.784753561 1.218763113 -0.044608686 1.045557022 0.004602469 0.667846143 -0.002719520 0.744280159
1560000139.051549911 1.294542789 -0.046085194 1.054129243 0.004597333 0.666442215 -0.002439725 0.745538533
1560000139.385045052 1.387292862 -0.049199283 1.067898035 0.004963692 0.665438831 -0.003679563 0.746426821
1560000139.585142374 1.442420244 -0.047647983 1.075395823 0.003727749 0.669056058 -0.005858003 0.743179619
1560000139.918810844 1.528166652 -0.049538057 1.080790281 0.004408003 0.673238993 -0.002275983 0.739408314
1560000140.185605526 1.591366172 -0.050832778 1.090152383 0.003662572 0.673067808 -0.002719968 0.739566803
1560000140.485749483 1.664637089 -0.051827148 1.097217917 0.004403145 0.671795785 -0.002703136 0.740718365
1560000140.786069870 1.738342524 -0.051057890 1.108811140 0.001281598 0.669894338 -0.000653497 0.742455125
1560000141.186259508 1.836033225 -0.053126343 1.117869020 0.003507416 0.667886317 -0.001629846 0.744253278
1560000141.619798183 1.926768661 -0.052066691 1.126616001 0.002402293 0.668473244 -0.002207990 0.743729055
1560000141.886773586 1.985425711 -0.052406445 1.122748733 0.002691405 0.685129285 -0.002106185 0.728413463
1560000142.120216370 2.040053368 -0.053008609 1.121827364 0.001663890 0.691172779 0.000957979 0.722687006
1560000142.253612280 2.067315102 -0.054167237 1.121612787 0.003317742 0.692345202 -0.000860696 0.721558273
1560000142.353658915 2.088356018 -0.054250211 1.121296644 0.003000195 0.694288611 -0.000251394 0.719690442
1560000142.387007952 2.092502117 -0.054639179 1.121623278 0.003622007 0.694866180 -0.001074480 0.719129145
1560000142.420356750 2.098155975 -0.054440670 1.122619152 0.003174553 0.695491850 -0.000972822 0.718526304
1560000142.453705788 2.106409550 -0.053999282 1.122289181 0.003010542 0.695828080 -0.000616608 0.718201876
1560000142.487054586 2.113877773 -0.054311700 1.121602058 0.003506663 0.695978880 -0.000831548 0.718053222
1560000142.553752661 2.127107143 -0.054127689 1.123600960 0.002888932 0.696901917 -0.000798058 0.717160285
1560000142.587101460 2.135504246 -0.054193817 1.122686386 0.003224195 0.697005153 -0.000833525 0.717058420
1560000142.620450735 2.141123056 -0.054261923 1.124095917 0.003259880 0.697466016 -0.001024945 0.716609716
1560000142.720497370 2.162869453 -0.054940455 1.124779463 0.003219133 0.697733760 -0.001028694 0.716349185
1560000142.787380457 2.177365303 -0.054435257 1.125885010 0.003023695 0.697582662 -0.000698905 0.716497600
1560000142.854077578 2.192278624 -0.055145405 1.126989603 0.002945659 0.697045743 -0.000814956 0.717020154
1560000142.887426853 2.199579239 -0.054670628 1.127382278 0.002839390 0.696807921 -0.000707884 0.717251837
1560000142.920775414 2.207472324 -0.054929443 1.127048969 0.003017035 0.696547925 -0.000722703 0.717503667
1560000142.954124212 2.212843180 -0.054591823 1.128538609 0.002897887 0.696721911 -0.001244820 0.717334509
1560000143.087518930 2.240706444 -0.055717263 1.129564762 0.002815764 0.696891785 -0.000764085 0.717170358
1560000143.354309082 2.292141438 -0.056178428 1.131743908 0.002560973 0.695695341 -0.000915386 0.718331814
1560000143.654447794 2.338490725 -0.056236271 1.136662006 0.003494290 0.687420428 -0.000210407 0.726251245
1560000144.254918575 2.457586527 -0.054534711 1.172608852 0.003509272 0.648929536 -0.001905692 0.760838032
1560000144.588403702 2.540136099 -0.056310982 1.190675974 0.003280610 0.639570415 -0.002107748 0.768722653
1560000144.922092199 2.623781204 -0.057022486 1.208291292 0.003312302 0.635812700 -0.002629207 0.771831810
1560000145.122182608 2.677863598 -0.057599671 1.211330175 0.002810378 0.644032657 -0.003329776 0.764985621
1560000145.355621099 2.742562532 -0.059428819 1.212236881 0.002558072 0.658374012 -0.003490494 0.752678514
1560000145.555711269 2.796650887 -0.060489327 1.212407827 0.003167230 0.669394076 -0.003389332 0.742893040
1560000145.755801201 2.853436947 -0.064845249 1.209854126 0.002093341 0.681979060 -0.003607301 0.731359780
1560000145.897615194 2.895714283 -0.061448939 1.207137585 0.003033898 0.692303061 -0.004081781 0.721588969
1560000146.031155825 2.938646793 -0.062235158 1.200629473 0.003076480 0.703572512 -0.003593374 0.710607767
1560000146.164695978 2.981312752 -0.063371770 1.191938162 0.003047743 0.714421928 -0.003390344 0.699700296
1560000146.331621647 3.030482292 -0.061849136 1.178193569 0.004020562 0.731092989 -0.004153676 0.682253361
1560000146.431776762 3.059570789 -0.064193904 1.165612459 0.003526589 0.743828773 -0.003779643 0.668350339
1560000146.565317154 3.096395016 -0.064313412 1.141474724 0.004130969 0.763342857 -0.003456798 0.645971119
1560000146.665472507 3.124156713 -0.064365938 1.120728493 0.004909968 0.778688371 -0.003443961 0.627382159
1560000146.765627623 3.151190281 -0.066347353 1.102228642 0.004542673 0.793484688 -0.002800223 0.608566821
1560000146.898333549 3.185219288 -0.070568323 1.077470303 0.003634390 0.811159790 -0.002232055 0.584809065
1560000146.998488903 3.208075523 -0.072041839 1.057866812 0.002940020 0.823425174 -0.001838147 0.567414284
1560000147.165415287 3.244859934 -0.069373608 1.020774841 0.004352563 0.844408691 -0.001548022 0.535679698
1560000147.332340956 3.285502434 -0.065218493 0.979322672 0.005524606 0.864480793 -0.001472414 0.502633333
1560000147.499267101 3.319940090 -0.060066748 0.938689232 0.008339739 0.882072985 -0.001487204 0.471036702
1560000147.666193008 3.348938465 -0.055064201 0.900059462 0.010488170 0.897182047 -0.001573975 0.441533625
1560000147.833118916 3.371735096 -0.052390654 0.864700079 0.011960555 0.908812225 -0.001986391 0.417029202
1560000148.031653166 3.400639296 -0.050487909 0.825442553 0.012874372 0.919633150 -0.002281664 0.392560750
1560000148.265329361 3.421019554 -0.052086376 0.781829357 0.012933667 0.931314468 -0.002011312 0.363980979
1560000148.432240963 3.421924114 -0.054799944 0.748099566 0.013032901 0.941485047 -0.001472194 0.336799502
1560000148.599152565 3.430429459 -0.055193763 0.709767342 0.013661841 0.951471686 -0.000926014 0.307431579
1560000148.732681751 3.436212063 -0.055406392 0.681468248 0.013768680 0.957990408 -0.000519971 0.286469102
1560000148.966357946 3.442680836 -0.053650524 0.635216236 0.014680221 0.968007982 -0.000249462 0.250489622
1560000149.161906719 3.446707010 -0.052083988 0.595925450 0.015538778 0.974156678 -0.000344948 0.225337982
1560000149.395429373 3.456235409 -0.052995153 0.547328234 0.016060794 0.979727089 0.000202395 0.199692130
1560000149.695672989 3.468718529 -0.053512130 0.482820511 0.015726365 0.985118032 0.000790267 0.171156257
1560000150.095571995 3.482470036 -0.055086479 0.398397565 0.016612487 0.989491403 0.001639307 0.143624812
1560000150.395803452 3.494875669 -0.057327464 0.338299155 0.017374603 0.991249204 0.002120561 0.130838543
1560000150.796112299 3.510633945 -0.059465963 0.257674217 0.017309129 0.992578089 0.002983704 0.120333783
1560000151.095956087 3.523206711 -0.059111036 0.190265656 0.017044894 0.993858516 0.002511757 0.109308809
1560000151.396175146 3.534348488 -0.060456734 0.123175740 0.017563200 0.994596779 0.002984991 0.102273405
1560000151.763109922 3.548843384 -0.061184432 0.048178673 0.017722649 0.994747818 0.002807030 0.100771368
1560000152.062986612 3.564986467 -0.061702613 -0.010737538 0.018023431 0.994203866 0.003360237 0.105936803
1560000152.429906368 3.595725298 -0.061366107 -0.079134226 0.018049818 0.991247356 0.002722878 0.130749866
1560000152.796826363 3.622200489 -0.061723705 -0.134283066 0.017398756 0.988670766 0.002198898 0.149072617
