#timestamp tx ty tz qx qy qz qw
1724940054.851960421 0.000000000 0.000000000 0.000000000 -0.000000000 -0.000000000 -0.000000000 1.000000000
1724940065.456663132 0.029194208 -0.074163988 -0.017912425 -0.007017841 -0.030809613 -0.021884868 0.999261022
1724940065.490016222 0.032908972 -0.084620133 -0.020572500 -0.009559117 -0.032747813 -0.021803070 0.999180138
1724940065.590075970 0.034909025 -0.111125320 -0.015016167 -0.013078915 -0.037430558 -0.025049960 0.998899579
1724940065.756845474 0.054915439 -0.172197282 -0.024266569 -0.024041446 -0.048065387 -0.027584935 0.998173773
1724940065.923618317 0.072910815 -0.243881017 -0.029852545 -0.031374723 -0.046057545 -0.022310771 0.998196661
1724940066.023683786 0.074074432 -0.291924596 -0.043913089 -0.039540470 -0.046641212 -0.017097337 0.997982383
1724940066.123750448 0.089557171 -0.331454098 -0.046479184 -0.049808688 -0.056171246 -0.027276326 0.996804833
1724940066.190462351 0.105282605 -0.366515607 -0.045234635 -0.052581064 -0.057941467 -0.034273125 0.996345043
1724940066.223818541 0.121571071 -0.386704266 -0.043046430 -0.051640116 -0.058218945 -0.036203805 0.996309817
1724940066.290531158 0.127333432 -0.410105586 -0.050831154 -0.042688496 -0.052324869 -0.037725292 0.997003794
1724940066.357206106 0.131018803 -0.432308674 -0.065633871 -0.033686548 -0.049469050 -0.039534174 0.997424245
1724940066.490475893 0.145817637 -0.478389978 -0.112940952 -0.035855535 -0.056446694 -0.044143766 0.996784627
1724940066.523792267 0.152476639 -0.488789618 -0.135231242 -0.040916044 -0.063947007 -0.044292491 0.996129930
1724940066.690369606 0.169470385 -0.523385882 -0.153940797 -0.058541793 -0.089737199 -0.043415111 0.993295133
1724940066.956875563 0.208171532 -0.561617732 -0.227435276 -0.046870440 -0.088673688 -0.053472839 0.993519425
1724940067.023498535 0.220279232 -0.581556737 -0.249125659 -0.041448843 -0.084903106 -0.050224610 0.994259000
1724940067.123430490 0.240973294 -0.580698431 -0.281285524 -0.026233524 -0.079468496 -0.039301280 0.995716810
1724940067.256667852 0.258737743 -0.587615132 -0.331110626 -0.018309545 -0.063581526 -0.028440526 0.997403264
1724940067.456725359 0.324292600 -0.612456739 -0.366921842 -0.013342475 -0.059156574 -0.032277204 0.997637510
1724940067.590167761 0.321366429 -0.634409308 -0.403122872 -0.002155985 -0.044594176 -0.022692289 0.998745143
1724940067.790337563 0.383322358 -0.604336739 -0.424283445 0.018148314 -0.044555400 -0.024291435 0.998546660
1724940067.990514994 0.410810322 -0.665660083 -0.471172899 0.021764157 -0.048092820 -0.023773814 0.998322725
1724940068.224064112 0.457066476 -0.676926255 -0.536610603 0.024114095 -0.051811010 -0.018725729 0.998190105
1724940068.457608700 0.486387581 -0.706723511 -0.599518299 0.017923320 -0.069030300 -0.028793830 0.997037888
1724940068.524354935 0.484013140 -0.717934430 -0.615994632 0.010667138 -0.081196949 -0.034074515 0.996058345
1724940068.624474049 0.483108848 -0.694385052 -0.631808877 0.012155281 -0.092501558 -0.041705392 0.994764507
1724940068.691220760 0.491581231 -0.678488851 -0.639964461 0.020035394 -0.091005757 -0.050567094 0.994363844
1724940068.757967472 0.506044805 -0.665025711 -0.651285350 0.031129021 -0.084781297 -0.060851451 0.994052470
1724940068.924834013 0.459050864 -0.682869434 -0.714126229 0.037510861 -0.057839237 -0.049994491 0.996367514
1724940069.125074863 0.430157125 -0.685047626 -0.780934274 0.029969772 -0.048964247 -0.023221010 0.998080730
1724940069.392063856 0.425650328 -0.648000598 -0.846921802 0.023750732 -0.028670503 -0.015232941 0.999190629
1724940070.059378386 0.446063459 -0.675365150 -0.905703485 0.003828627 0.001567512 -0.016303567 0.999858558
1724940072.128410339 0.409163028 -0.743479013 -0.896218479 -0.007382622 -0.016339825 -0.009061093 0.999798179
1724940074.460628986 0.496401608 -0.738413870 -0.747519195 0.025261955 -0.083301380 -0.022164563 0.995957553
1724940074.560718536 0.509996295 -0.752142966 -0.717388451 0.024176909 -0.099661909 -0.022733020 0.994467795
1724940074.727538586 0.531193614 -0.755159199 -0.663063467 0.022718601 -0.120183341 -0.033802923 0.991915941
1724940074.827633619 0.545076311 -0.770547032 -0.631194115 0.016086055 -0.132483467 -0.036233187 0.990392148
1724940074.927730799 0.563120127 -0.741568744 -0.600796998 0.020322196 -0.140536651 -0.042338572 0.988961041
1724940075.127930641 0.568944693 -0.757432461 -0.550684452 0.018461239 -0.136309549 -0.040118422 0.989681482
1724940075.328138828 0.583008409 -0.729693472 -0.487343460 0.021294044 -0.145300910 -0.034904458 0.988542318
1724940075.428204536 0.587548852 -0.730098248 -0.447423190 0.027867004 -0.142531112 -0.032901213 0.988850772
1724940075.594841719 0.585625350 -0.731484056 -0.388518333 0.039405804 -0.134050071 -0.031353850 0.989694238
1724940075.761472225 0.579917610 -0.747618556 -0.332847983 0.035467293 -0.135969982 -0.030902591 0.989595532
1724940075.861447573 0.584167242 -0.728773952 -0.298689157 0.043514244 -0.133172095 -0.027741238 0.989748538
1724940076.061391115 0.588339508 -0.784298539 -0.247141749 0.035865657 -0.126298234 -0.020842964 0.991124630
1724940076.294646978 0.608963788 -0.779755592 -0.169623181 0.035769999 -0.151207447 -0.033463981 0.987287700
1724940076.428067684 0.624684215 -0.796326101 -0.117315918 0.034258604 -0.173788443 -0.036124561 0.983523786
1724940076.595366001 0.643712342 -0.797186255 -0.050495904 0.040768798 -0.205651894 -0.041044947 0.976913750
1724940076.762687445 0.668083787 -0.812696278 0.015747603 0.045495514 -0.222544685 -0.058013968 0.972130835
1724940076.896561623 0.684666574 -0.824798942 0.062251680 0.049284544 -0.230708241 -0.061610650 0.969819009
1724940076.996976614 0.694967747 -0.820610821 0.081285581 0.049766377 -0.235163122 -0.064876251 0.968510568
1724940077.097399950 0.705137074 -0.828365564 0.110753402 0.042219043 -0.244161949 -0.060639989 0.966915369
1724940077.231310606 0.722254753 -0.807888567 0.130298033 0.042354871 -0.253573686 -0.056052666 0.964761436
1724940077.432088375 0.740777254 -0.801161289 0.161440060 0.042712767 -0.254829526 -0.047245611 0.964886248
1724940077.565579176 0.741011083 -0.809914768 0.174607784 0.038574375 -0.258656383 -0.044006936 0.964195192
1724940078.132970810 0.759866953 -0.802965403 0.231994137 0.026672164 -0.275750488 -0.033766896 0.960265636
1724940078.266488075 0.757619441 -0.809656024 0.249451146 0.022890955 -0.291742742 -0.034174863 0.955612004
1724940078.400009871 0.750384629 -0.818942249 0.267946154 0.017751491 -0.310947418 -0.031731840 0.949731410
1724940078.533361673 0.732358634 -0.822639227 0.285217941 0.007315597 -0.341937453 -0.029528840 0.939230144
1724940078.733384371 0.723519683 -0.814445078 0.338046938 0.006481822 -0.362198293 -0.029516483 0.931611061
1724940078.866729259 0.713807166 -0.820322573 0.385988384 0.007377239 -0.375356525 -0.029809698 0.926371634
1724940079.000071526 0.702049851 -0.826950431 0.432163656 0.007507540 -0.393245280 -0.030908398 0.918883324
1724940079.166745901 0.701030016 -0.827614486 0.495255888 0.004789187 -0.400299758 -0.023491090 0.916070640
1724940079.333415747 0.709843159 -0.816798091 0.534205973 0.004213609 -0.394955903 -0.020605363 0.918459296
1724940079.466757774 0.724635720 -0.816602230 0.570668459 -0.003016918 -0.391594410 -0.013295500 0.920036972
1724940079.666777849 0.756464064 -0.804576993 0.606524885 0.003098011 -0.390221089 -0.021984069 0.920453548
1724940079.800120831 0.778961837 -0.811494231 0.619805813 0.010620357 -0.381180644 -0.023945572 0.924129367
1724940079.966795683 0.807803988 -0.809794605 0.619568884 0.020724051 -0.369700402 -0.026957236 0.928528666
1724940080.200133324 0.831765413 -0.777605057 0.607406020 0.030104987 -0.348472625 -0.029814702 0.936360836
1724940080.400130510 0.821394742 -0.805172682 0.573504329 0.031758286 -0.314674854 -0.031632312 0.948140562
1724940080.600159883 0.809701562 -0.778351665 0.500052512 0.033908501 -0.313719988 -0.030357849 0.948424160
1724940081.000201941 0.772519886 -0.747458458 0.351702690 0.031276822 -0.258169740 -0.004350799 0.965583384
1724940081.166879177 0.767033398 -0.725204885 0.303173959 0.033510420 -0.214820117 -0.012738315 0.975995481
1724940081.466896057 0.778617382 -0.725056291 0.222772509 0.019344138 -0.198130339 -0.014786142 0.979873240
1724940081.666916370 0.792055786 -0.740580261 0.192242190 0.010489402 -0.201701716 -0.024978982 0.979072273
1724940081.833595276 0.803579450 -0.736953616 0.179772004 0.003564921 -0.218124017 -0.038405176 0.975158572
1724940082.100271940 0.814345062 -0.755355656 0.178610206 -0.008114714 -0.262417406 -0.041205082 0.964040160
1724940082.266939163 0.834400892 -0.778243601 0.182041258 -0.013296093 -0.297499180 -0.055117849 0.953036964
1724940082.500516415 0.846687078 -0.823389888 0.187952250 -0.032188389 -0.351471096 -0.054478701 0.934057832
1724940082.767853260 0.861536384 -0.891280115 0.210103139 -0.031932395 -0.367327034 -0.066687003 0.927148342
1724940082.968369484 0.870365202 -0.932009697 0.212825313 -0.023861298 -0.409713149 -0.069158822 0.909276009
1724940083.235742092 0.878532887 -0.989938855 0.227274492 -0.029946690 -0.418693125 -0.060134869 0.905639589
1724940083.436189413 0.882186890 -1.040888906 0.240848824 -0.028708516 -0.425330222 -0.056414936 0.902821898
1724940083.636165142 0.908618093 -1.083346725 0.247984245 -0.035224590 -0.447224587 -0.033546567 0.893097997
1724940083.802804708 0.885106921 -1.121383548 0.252103567 -0.048476029 -0.462244391 -0.019890899 0.885203123
1724940084.036090136 0.870528579 -1.146683455 0.256338000 -0.063576147 -0.472499073 -0.016265538 0.878884614
1724940084.169390917 0.854926944 -1.149282694 0.250351042 -0.074190244 -0.491443962 -0.008218506 0.867704570
1724940084.369334459 0.832609057 -1.158749938 0.265170425 -0.083907075 -0.501123071 -0.016803864 0.861134648
1724940084.502880096 0.814313829 -1.142196655 0.266532421 -0.093703076 -0.511115253 -0.006860439 0.854361653
1724940084.870695353 0.783619642 -1.130983353 0.306310117 -0.090010904 -0.520204902 0.015274292 0.849147558
1724940085.004464388 0.770583808 -1.139681935 0.323026478 -0.072102457 -0.513693392 0.006965401 0.854910433
1724940085.238583088 0.776848197 -1.125752211 0.382583350 -0.047523495 -0.515046537 0.012711756 0.855749369
1724940085.439277649 0.799857616 -1.141775966 0.470466673 -0.038385607 -0.531273305 0.008739140 0.846285343
1724940085.639359951 0.823295951 -1.145838737 0.560753047 -0.027739078 -0.553261936 -0.010288857 0.832481802
1724940085.872725248 0.812209129 -1.122375607 0.643577456 -0.011140172 -0.574050546 -0.046999317 0.817393959
1724940086.072745562 0.750754654 -1.134220958 0.600040495 -0.033743285 -0.593798518 -0.043247674 0.802741766
1724940086.272758961 0.708244920 -1.101214409 0.739683926 -0.046644267 -0.619849324 -0.048718672 0.781816959
1724940086.806439877 0.550139308 -1.065774918 0.953334212 -0.047288280 -0.676021516 -0.058448497 0.733036518
1724940087.106804371 0.477586508 -1.034036517 1.111887932 -0.045160498 -0.718971372 -0.056602377 0.691257417
1724940087.340438128 0.412899137 -1.047767997 1.245915294 -0.040757816 -0.745035589 -0.081666969 0.660750628
1724940087.640970469 0.342921019 -1.002689004 1.319335938 -0.034640737 -0.765697718 -0.094123028 0.635332882
1724940087.841443062 0.288568020 -0.982626200 1.338463306 -0.036566000 -0.783641994 -0.095741116 0.612700403
1724940088.008511305 0.244573951 -0.973246217 1.339752674 -0.037899401 -0.792032540 -0.084619068 0.603396773
1724940088.209002495 0.141175628 -0.911523342 1.418246269 -0.019988142 -0.802943289 -0.065100051 0.592152476
1724940088.576410055 0.043275595 -0.798518419 1.444352865 0.014540847 -0.798614979 -0.043181226 0.600115001
1724940088.743038654 -0.015441179 -0.884187102 1.465301156 -0.000222027 -0.795921743 -0.045144033 0.603713989
1724940089.209562063 -0.153422117 -0.830723643 1.545890689 0.021205852 -0.812873960 -0.031766195 0.581185997
1724940089.509443045 -0.251199961 -0.858507812 1.589472055 0.021885136 -0.820053458 -0.033609856 0.570879817
1724940089.709393978 -0.295391083 -0.814933240 1.605271101 0.013270344 -0.840496719 -0.031978764 0.540709257
1724940090.142586708 -0.339782953 -0.837856472 1.610412598 0.009368082 -0.845740497 -0.020992778 0.533099115
1724940090.342506170 -0.319584846 -0.810801148 1.591659546 0.021811835 -0.849807501 -0.020200072 0.526254117
1724940090.775699854 -0.250805378 -0.858604252 1.531842709 0.005424253 -0.855191529 -0.015532083 0.518050849
1724940091.375488281 -0.112087488 -0.867541194 1.475758433 -0.010794347 -0.851193547 0.013997160 0.524554193
1724940091.708715200 -0.056919456 -0.885123372 1.469327688 -0.008303920 -0.860066712 0.009894017 0.510018110
1724940091.842010736 -0.043435097 -0.883791208 1.471705914 0.000787772 -0.870236814 0.005708648 0.492599905
1724940091.941979408 -0.027838945 -0.904790401 1.473200560 0.002513112 -0.878563106 0.001174339 0.477618247
1724940092.075267315 -0.013778687 -0.911695421 1.491706848 0.001840314 -0.900926948 -0.002761757 0.433958083
1724940092.208550692 -0.017621398 -0.917297006 1.495462894 0.006316927 -0.911929965 -0.010319198 0.410167456
1724940092.308510542 -0.022331953 -0.935259163 1.509457707 0.003487794 -0.919255197 -0.014229519 0.393389463
1724940092.408467531 -0.021198273 -0.942260265 1.524016142 0.006208575 -0.926652908 -0.018022863 0.375434428
1724940092.541867971 -0.021733999 -0.954952359 1.541236281 0.017107332 -0.934044719 -0.029568419 0.355518639
1724940092.675653934 -0.025695801 -0.964674234 1.560496926 0.017460244 -0.943291605 -0.043522403 0.328636497
1724940092.876356602 -0.039459348 -0.980773389 1.577361345 0.020807931 -0.955510557 -0.057075873 0.288633049
1724940093.244383574 -0.027882099 -1.009443164 1.601884723 0.023538703 -0.967949033 -0.054749642 0.243973404
1724940093.712047815 -0.022323966 -1.018593550 1.615029931 0.023736481 -0.974912703 -0.065226704 0.211488262
1724940093.978635788 -0.005263090 -1.030603886 1.615851641 0.017548539 -0.976283550 -0.081495799 0.199802056
1724940094.678777456 -0.007176638 -1.033476353 1.588621140 -0.000011105 -0.980571270 -0.105746567 0.165220067
1724940095.346903563 0.016461015 -0.986042082 1.570537567 0.009295758 -0.982728422 -0.117877670 0.142349124
1724940095.613907337 0.039525151 -0.958526254 1.557401061 0.023775492 -0.983119965 -0.119918600 0.136122987
1724940095.880451441 0.075189888 -0.924247146 1.534079909 0.024583790 -0.985439301 -0.120353714 0.117558628
1724940096.013715506 0.058953583 -0.917453885 1.523001313 0.022439335 -0.985124171 -0.129980862 0.110144436
1724940096.213601828 0.086136520 -0.907715321 1.494683981 0.021962224 -0.984484971 -0.127487779 0.118549071
1724940096.380164623 0.118329406 -0.897325158 1.482990503 0.025960604 -0.985223830 -0.112813897 0.126226619
1724940096.513409853 0.141482741 -0.889897645 1.475884318 0.024139237 -0.987757266 -0.104918763 0.112893671
1724940096.680002213 0.173478723 -0.876501799 1.468542814 0.025045265 -0.988638520 -0.096975371 0.112082206
1724940096.813270330 0.205137461 -0.866720140 1.461380720 0.021166561 -0.989073157 -0.097774558 0.108288690
1724940097.079789877 0.268083215 -0.843502045 1.445774317 0.012192515 -0.987901926 -0.093214564 0.123337671
1724940097.279664993 0.299967408 -0.805358350 1.428771019 -0.007933066 -0.987058461 -0.095960706 0.128234923
1724940097.512838840 0.327807069 -0.785872221 1.412533283 -0.027615646 -0.985265851 -0.095002085 0.139510438
1724940097.746061802 0.370875150 -0.760878801 1.403891087 -0.036962841 -0.981512725 -0.086616337 0.166625962
1724940097.945953608 0.407548338 -0.747907162 1.401673317 -0.038956627 -0.977930069 -0.088349961 0.185281977
1724940098.079207897 0.452058673 -0.729828238 1.394511104 -0.042842947 -0.981141210 -0.100271836 0.159599617
1724940098.279079676 0.407735229 -0.707329035 1.383690953 -0.047348246 -0.983416736 -0.096159197 0.146297976
1724940098.478938580 0.427570879 -0.708211780 1.388070703 -0.055368278 -0.983958781 -0.086686425 0.145756483
1724940098.846556664 0.424560487 -0.661400378 1.400383711 -0.048303612 -0.984940886 -0.060984042 0.154399201
1724940099.348284483 0.334991753 -0.653355479 1.395665884 -0.060051844 -0.986867547 -0.055514444 0.139299646
1724940099.515562534 0.278889596 -0.665790737 1.394682884 -0.037491906 -0.985505581 -0.055810679 0.155750841
1724940099.682289839 0.228728026 -0.668730319 1.401234746 -0.023214223 -0.989228666 -0.059014559 0.131928161
1724940099.948817730 0.110662743 -0.683005750 1.377362847 0.008878157 -0.995241225 -0.058223266 0.077628836
1724940100.148699045 0.046569213 -0.691403270 1.359024882 0.001495057 -0.996858001 -0.068109788 0.040410396
1724940100.415188313 -0.040662974 -0.700195014 1.307543039 0.002493467 -0.997385025 -0.060858093 0.038900711
1724940100.581863880 -0.083266646 -0.709749222 1.268138409 0.020004954 -0.997362792 -0.043804038 0.054299626
1724940100.782505989 -0.130940527 -0.708208919 1.227005124 0.037058946 -0.998523891 -0.026157798 0.029874442
1724940100.983174086 -0.179691404 -0.694558740 1.206021428 0.044566266 -0.998381853 -0.031830978 0.015307048
1724940101.150417328 -0.234404713 -0.679460645 1.181069016 0.045068029 -0.997609913 -0.047745638 0.021534193
1724940101.317678452 -0.290695101 -0.667286754 1.153107643 0.039726775 -0.997048318 -0.056721985 0.033152524
1724940101.484956980 -0.351336688 -0.664996028 1.130508184 0.044299230 -0.997630537 -0.052595459 0.002153206
1724940101.651847124 -0.413575739 -0.657028019 1.125451565 -0.056070644 0.997198582 0.036087252 0.033894029
1724940101.818469048 -0.489393950 -0.651867628 1.117079258 -0.055414069 0.995135307 0.032026511 0.074895978
1724940102.018406868 -0.562273741 -0.658669293 1.137008309 -0.043226127 0.995899379 0.021491103 0.076511934
1724940102.185014963 -0.601107895 -0.649013758 1.159579635 -0.016341774 0.996253490 0.008610826 0.084485687
1724940102.418255568 -0.656752050 -0.642377734 1.208514333 -0.002271215 0.995441794 -0.001897444 0.095325023
1724940102.584852695 -0.695526481 -0.637584627 1.246147990 0.002571411 0.991769433 -0.000656049 0.128009394
1724940102.784772873 -0.743416190 -0.643141270 1.280554533 -0.013395381 0.992734253 -0.008602133 0.119269587
1724940102.984681368 -0.786977649 -0.642118573 1.303619266 -0.015288679 0.988682091 -0.009721382 0.148927793
1724940103.151262999 -0.829896569 -0.642914891 1.313791513 -0.016305488 0.984459996 -0.009132429 0.174611688
1724940103.351150036 -0.894552708 -0.638138354 1.295068741 -0.015613569 0.982697666 -0.013344991 0.184074640
1724940103.551027060 -0.951915503 -0.628620207 1.279060602 -0.018818442 0.974662066 -0.015868315 0.222323865
1724940103.751391888 -0.991109967 -0.615708470 1.278818250 -0.035470337 0.968616247 -0.006063171 0.245942295
1724940103.951888800 -1.000409603 -0.615971088 1.297004819 -0.041990519 0.961230397 0.003053400 0.272513449
1724940104.152405262 -1.012788057 -0.628025055 1.332047820 -0.033932559 0.955021501 -0.019666281 0.293931574
1724940104.453217030 -1.019284964 -0.638794482 1.429526687 -0.021409109 0.952712119 -0.041233223 0.300301850
1724940104.686999083 -1.005989552 -0.640951991 1.525325894 -0.005308379 0.946102560 -0.049939595 0.319949687
1724940104.920253992 -1.003475428 -0.639681637 1.607049942 0.009107119 0.932292402 -0.053189933 0.357657343
1724940105.120175362 -0.991960526 -0.609463751 1.667075396 0.016592784 0.919397950 -0.070797659 0.386548549
1724940105.353403330 -0.941810727 -0.649969041 1.719295979 0.013881331 0.909075677 -0.070239559 0.410432905
1724940105.586616755 -0.945451140 -0.650083005 1.752474070 0.011812384 0.911414981 -0.060213648 0.406887591
1724940105.819862604 -0.884209752 -0.630130589 1.804239273 0.004905162 0.907009482 -0.035569869 0.419576615
1724940106.119736433 -0.856152415 -0.620993376 1.881263018 0.014075568 0.907347918 -0.041053832 0.418134212
1724940106.319638014 -0.873572826 -0.627119601 1.935036182 -0.002188218 0.906709790 -0.036668204 0.420152456
1724940106.519528866 -0.904744744 -0.614943504 2.003365517 0.002737844 0.904772878 -0.023119127 0.425257742
1724940106.686272144 -0.933693051 -0.602919698 2.049273014 -0.011575638 0.892119527 -0.005960358 0.451611906
1724940107.120499372 -1.040699720 -0.597371578 2.141805649 -0.037296720 0.884803832 0.005833616 0.464432061
1724940107.287518501 -1.073859215 -0.582357228 2.156902790 -0.050803699 0.873358309 0.004689199 0.484398872
1724940107.454542160 -1.114057899 -0.587682128 2.150261641 -0.066822082 0.862191498 0.003648334 0.502142787
1724940107.654884815 -1.147894502 -0.572405696 2.128982544 -0.080954917 0.851845324 0.000251404 0.517499566
1724940107.854767084 -1.199281335 -0.566417933 2.083364964 -0.090832569 0.829988241 0.010757924 0.550230145
1724940108.087946177 -1.221188903 -0.569397986 2.036498785 -0.100413784 0.821008265 0.018253500 0.561720073
1724940108.854364157 -1.265806675 -0.560454249 1.988129139 -0.087221198 0.805490971 0.006705632 0.586115837
1724940109.221318245 -1.273511648 -0.565439463 1.991479993 -0.057832856 0.781418383 0.002622773 0.621316195
1724940111.555510998 -1.290200949 -0.584917367 1.917272806 -0.042764198 0.774020672 -0.003463102 0.631705046
1724940111.956347466 -1.274537325 -0.586510718 1.927484989 -0.035838000 0.793890059 -0.021592000 0.606620252
1724940112.591196775 -1.280572414 -0.606838226 1.921282172 -0.034441058 0.814361334 -0.037209112 0.578139186
1724940112.991145372 -1.275726318 -0.609322965 1.916750312 -0.030937830 0.828750074 -0.046423338 0.556831300
1724940113.324326515 -1.269360781 -0.622696579 1.912144780 -0.035489310 0.851267219 -0.051935583 0.520948589
1724940113.490905046 -1.259257913 -0.615354896 1.913423538 -0.036176041 0.856181204 -0.052274346 0.512749910
1724940113.724132299 -1.243652940 -0.620994866 1.909623623 -0.033154663 0.861398280 -0.053007320 0.504067421
1724940114.057340860 -1.187516570 -0.625786185 1.910957456 -0.028998513 0.867312312 -0.045041524 0.494873434
1724940114.357202530 -1.095449686 -0.633040369 1.905856133 -0.029572032 0.876502633 -0.044831555 0.478391856
1724940115.324425220 -0.823643088 -0.657150984 1.819214582 -0.014126748 0.911498666 -0.061589703 0.406420290
1724940115.892007113 -0.714706421 -0.703316092 1.643520117 -0.025077719 0.946210623 -0.074687354 0.313812673
1724940116.192681551 -0.663971901 -0.681165218 1.586498380 -0.024445338 0.958249569 -0.060361344 0.278418452
1724940116.660388947 -0.572381496 -0.695595741 1.513930082 -0.020584302 0.975812435 -0.043689061 0.213208094
1724940117.027439117 -0.498727739 -0.705221236 1.448524714 0.000629089 0.985289097 -0.027395237 0.168684497
1724940117.294404745 -0.445369273 -0.700292885 1.395693064 0.003624211 0.989829063 -0.010798093 0.141805291
1724940117.594760895 -0.392910659 -0.697275877 1.312423348 0.002716223 0.995028853 -0.023516642 0.096732527
1724940117.861686230 -0.321057022 -0.705505192 1.245631099 0.002047424 0.997031510 -0.034238521 0.068932459
1724940118.328833342 -0.157482862 -0.697402477 1.194164753 -0.001681347 0.999629021 -0.023539301 0.013599718
1724940118.562406540 -0.052622005 -0.722210407 1.193118095 -0.008285766 -0.999742508 0.007573665 0.019721443
1724940118.862860203 0.103374496 -0.731212258 1.179159641 -0.013253574 -0.999001443 0.015347711 0.039811295
1724940119.163507938 0.173523784 -0.726940572 1.103742838 -0.016451875 -0.998436332 0.005228292 0.053168371
1724940119.430765629 0.257327527 -0.739565611 1.036644340 -0.026190376 -0.994779646 0.007902781 0.098311104
1724940119.664628029 0.326916516 -0.750098228 0.951119065 -0.015886031 -0.993067503 -0.003185634 0.116423972
1724940119.898561716 0.410057664 -0.751873255 0.867732704 -0.000941885 -0.988759279 0.001189670 0.149508417
1724940120.165972710 0.525521040 -0.750487626 0.779240847 -0.009212590 -0.985442460 -0.004581410 0.169697970
1724940120.433416128 0.598938823 -0.760426581 0.697107315 -0.020793421 -0.976039827 -0.010905909 0.216321364
1724940120.667455673 0.642660141 -0.760071099 0.618467927 -0.021983171 -0.970600903 -0.018381333 0.238982707
1724940120.900904179 0.641826630 -0.765285671 0.498681128 -0.020085458 -0.969359517 -0.032031152 0.242719412
1724940121.134097576 0.641365528 -0.773785830 0.373182058 -0.018097637 -0.963102460 -0.013923687 0.268164694
1724940121.367273331 0.644502759 -0.783093035 0.252205074 -0.015185167 -0.957517445 -0.012054753 0.287722766
1724940121.600431681 0.658018708 -0.789342403 0.129544377 -0.002004398 -0.948329329 -0.014877392 0.316932440
1724940121.833814859 0.662572384 -0.795885623 0.017397344 -0.006901379 -0.935427725 -0.015193385 0.353123993
1724940122.067587137 0.677135468 -0.810079694 -0.110764980 -0.015733236 -0.922029734 -0.007997891 0.386716604
1724940122.334764004 0.670568228 -0.810670316 -0.229881465 -0.022481723 -0.913358510 -0.021038100 0.405990511
1724940122.601949692 0.632672131 -0.813837528 -0.356133282 -0.012590110 -0.901808321 -0.024924746 0.431233108
1724940122.868998051 0.601115286 -0.816372931 -0.481372714 -0.011029049 -0.891626298 -0.011111935 0.452501327
1724940123.135812521 0.587319732 -0.820167482 -0.581627131 -0.012298761 -0.878218830 -0.013849397 0.477900177
1724940123.402635336 0.597581863 -0.815743327 -0.672886729 -0.027065296 -0.862673640 -0.024110489 0.504460454
1724940123.636111975 0.616748095 -0.813436508 -0.745129108 -0.030887647 -0.849719346 -0.013917907 0.526145697
1724940123.869709969 0.619842052 -0.809487045 -0.796395242 -0.029197795 -0.829474986 -0.022135576 0.557340801
1724940124.103466511 0.607912302 -0.814257383 -0.827723622 -0.022330379 -0.796359956 -0.019758148 0.604087591
1724940124.303834200 0.600081384 -0.812431157 -0.857726514 -0.020433715 -0.774877667 -0.005988532 0.631752491
1724940124.470811129 0.590984583 -0.807968497 -0.876347423 -0.025944725 -0.754418254 -0.006557806 0.655848265
1724940124.637790918 0.587200284 -0.809624434 -0.900792360 -0.032885581 -0.743054330 -0.007076127 0.668385148
1724940124.804685593 0.579058111 -0.810013354 -0.904080451 -0.016514003 -0.729560554 -0.020746404 0.683402002
1724940125.004529953 0.577286601 -0.810327172 -0.912400961 -0.020628294 -0.722407758 -0.017747855 0.690931618
1724940125.603971958 0.557883739 -0.818248391 -0.932245612 -0.033434894 -0.709433854 -0.008387485 0.703928530
1724940126.669643402 0.531931698 -0.821626544 -0.943253100 -0.033352081 -0.708291173 -0.015371203 0.704964519
1724940126.869460106 0.529123247 -0.817286074 -0.946469188 -0.048331328 -0.723837674 -0.009909721 0.688204110
1724940127.069299221 0.530376792 -0.825444102 -0.951602280 -0.026483241 -0.720378160 -0.018519597 0.692828238
1724940127.269122839 0.532622516 -0.824463069 -0.957222998 -0.026091874 -0.725116074 -0.008146099 0.688083947
1724940127.535530567 0.527762711 -0.823044717 -0.947809219 -0.031010015 -0.716650367 -0.012728674 0.696626544
1724940127.835319519 0.523518026 -0.805616558 -0.950792968 -0.041022081 -0.716666043 -0.036053896 0.695274830
1724940128.669156075 0.538663089 -0.823554814 -0.874970734 -0.027514132 -0.693521142 -0.018287661 0.719678402
1724940128.969115019 0.520839870 -0.833593547 -0.859305501 -0.018849233 -0.710622132 -0.009639419 0.703255236
1724940129.202306986 0.492199361 -0.844731510 -0.842817307 -0.027956273 -0.736780107 -0.011445922 0.675457299
1724940129.468790531 0.461775839 -0.864832044 -0.809874415 -0.028837167 -0.765550554 -0.005342378 0.642706931
1724940129.668637991 0.457367182 -0.881578505 -0.770915031 -0.034597836 -0.804973841 0.000406149 0.592300475
1724940129.868506432 0.462964654 -0.799750805 -0.732618332 0.006623286 -0.845459223 0.003677844 0.533986270
1724940130.135020256 0.463825703 -0.819108307 -0.657628298 -0.003858742 -0.879531264 -0.010698699 0.475705266
1724940130.534747839 0.498448253 -0.838048816 -0.630640447 0.010963672 -0.894521415 -0.003314630 0.446878314
1724940131.034421921 0.570533454 -0.850515783 -0.544666111 0.014877249 -0.921875417 -0.010221015 0.387065798
1724940131.400852442 0.603219271 -0.866007328 -0.520550668 0.003744938 -0.935490966 -0.025124241 0.352436423
1724940131.867313862 0.577856898 -0.807944775 -0.420103252 -0.002020417 -0.957401097 0.010392969 0.288567364
1724940132.467793226 0.539596856 -0.862685561 -0.364595681 -0.004497893 -0.969727039 -0.015487714 0.243658319
1724940133.034641743 0.604868054 -0.870985270 -0.297722995 -0.019933455 -0.976312578 0.000642586 0.215443745
1724940133.567760229 0.723272979 -0.894336641 -0.295345426 -0.028502649 -0.988658428 -0.019035563 0.146218374
1724940134.034417629 0.804911673 -0.918728411 -0.259440392 -0.026324373 -0.995086253 -0.026484750 0.091700509
1724940134.301173210 0.801725566 -0.943069994 -0.243206739 -0.015736595 -0.997955382 -0.025226487 0.056578334
1724940134.667959690 0.778281510 -0.950229347 -0.170402825 0.000908237 0.999393165 0.034576774 0.004114345
1724940134.934840918 0.750448465 -0.939115047 -0.124706119 -0.023179110 0.997619808 0.058912270 0.027327631
1724940135.502182722 0.742210090 -0.917257011 -0.079010949 -0.000270788 0.994838119 0.061844159 0.080451049
1724940136.470181465 0.812355578 -0.902737379 -0.033668250 -0.007309727 0.995759428 0.048960246 0.077541314
1724940136.737264872 0.845944643 -0.874211311 -0.017056718 -0.002925917 0.995751262 0.046518654 0.079415828
1724940137.004048347 0.875232279 -0.851942062 0.001258329 0.004216253 0.995528340 0.057174046 0.075077958
1724940137.570843697 0.935250759 -0.811127543 0.027824074 0.041425660 0.997005880 0.043523941 0.048671015
1724940137.837651968 0.958144903 -0.775426269 0.029130206 0.050010219 0.997200072 0.045419239 0.032064188
1724940138.305101395 0.971529365 -0.732281983 0.023391273 0.029723786 0.999026775 0.032455150 0.002951241
1724940138.906340599 0.986455679 -0.697885454 0.031938292 0.039850809 0.998052478 0.037804049 0.029562863
1724940140.309791327 0.978382230 -0.692885518 0.019667864 -0.043444961 -0.997369945 -0.057911463 0.003460816
1724940142.213766575 0.986894369 -0.689697266 0.019857585 -0.021947429 -0.996799469 -0.051075306 0.057449829
1724940143.783198357 0.954267621 -0.747246921 -0.200469851 -0.043647084 -0.998452306 0.027606733 0.020635031
1724940144.183205366 0.906231701 -0.767419338 -0.248195678 -0.035167012 -0.996770203 0.070119329 0.017196901
1724940147.951826572 0.886354864 -0.758576393 0.026358724 -0.044783998 -0.988466084 0.032051049 0.141074166
1724940148.518334627 0.836056471 -0.753345490 0.054726422 -0.027515706 -0.968591452 0.030443130 0.245248348
1724940149.586516619 0.740209341 -0.769643188 0.114500105 -0.001349007 -0.950773299 0.030379539 0.308391780
1724940149.986965179 0.643190026 -0.736717463 0.165638983 0.014629678 -0.965931058 0.043224882 0.254744589
1724940150.753209114 0.565753818 -0.720013082 0.186394393 0.018287338 -0.970544159 0.041441347 0.236626685
1724940151.886084318 0.557161450 -0.740444899 0.247524738 0.014710245 -0.969725668 0.050084930 0.238552362
1724940152.286854506 0.573982179 -0.751648068 0.338476658 -0.000191965 -0.968006611 0.078223713 0.238420203
1724940152.687648296 0.585602880 -0.749017596 0.475638032 0.002929298 -0.967608750 0.047016356 0.248020515
1724940153.087747812 0.565938294 -0.786265790 0.610307992 -0.000961671 -0.964717031 0.064412303 0.255286634
1724940153.520753860 0.462447315 -0.750643492 0.818855166 0.029604340 -0.972376287 0.067582689 0.221450999
1724940153.953742266 0.358712256 -0.747205436 0.961391985 0.008743281 -0.980599284 0.054576762 0.188069075
1724940154.386768103 0.227583587 -0.716841221 1.016795754 0.030950785 -0.984421492 0.052149132 0.165035889
1724940154.486687660 0.185334027 -0.708640873 1.025135875 0.022262722 -0.987619102 0.044102643 0.148888707
1724940155.019859552 -0.068255693 -0.700422585 1.077353835 -0.011125114 -0.994686186 0.049824022 0.089404523
1724940155.053215027 -0.078826010 -0.704669893 1.088537455 -0.011484902 -0.995910585 0.047753327 0.075827882
1724940155.086570978 -0.088732332 -0.697772324 1.089814305 -0.009832136 -0.997022390 0.046188705 0.060961664
1724940155.119926929 -0.093910038 -0.695212424 1.110623837 -0.007157602 -0.997930169 0.043090191 0.047195219
1724940156.020763397 -0.392201364 -0.705011725 1.198989391 -0.028253324 0.997458339 -0.029968617 0.058142528
1724940156.054158926 -0.399374872 -0.704914093 1.198035955 -0.030646224 0.997824907 -0.028141767 0.051130444
1724940156.087554455 -0.409910917 -0.701049209 1.207133770 -0.035987150 0.998086751 -0.028160721 0.041649859
1724940156.555109978 -0.562462747 -0.685836971 1.147550821 -0.019504577 0.998669147 -0.017165465 0.044552401
1724940156.688702345 -0.595595717 -0.669168711 1.130391479 -0.022436487 0.998076737 -0.025429215 0.051892813
1724940156.722100973 -0.604111552 -0.664953172 1.130570412 -0.022772882 0.997356534 -0.023697421 0.064805925
1724940156.788898468 -0.625065744 -0.658616662 1.129285574 -0.026085995 0.995632410 -0.018030787 0.087809503
1724940157.022475004 -0.681853950 -0.656140745 1.106917858 -0.030763241 0.992087841 -0.015841091 0.120683365
1724940157.055831671 -0.687774301 -0.656204939 1.107918620 -0.025305321 0.990341663 -0.016606914 0.135304257
1724940157.155901909 -0.706944585 -0.664998531 1.136677742 -0.009067836 0.985001385 -0.021385204 0.170975953
1724940157.255973816 -0.719973922 -0.675801992 1.159506440 0.002139523 0.978967249 -0.032420337 0.201413646
1724940157.322689295 -0.727393925 -0.678659260 1.178925991 0.011768891 0.974075615 -0.040491607 0.222257927
1724940157.456122398 -0.729203761 -0.688567758 1.215315104 0.030062655 0.959917784 -0.052861270 0.273605198
1724940158.989372015 -0.881438673 -0.681124568 1.423100710 -0.011345276 0.932738245 -0.113138206 0.342155516
1724940159.723416328 -0.923760474 -0.628447175 1.565516233 0.019917142 0.956159592 -0.070705205 0.283483595
1724940160.356786728 -0.915835142 -0.614639819 1.743657351 0.030571073 0.968738317 -0.093482904 0.227755144
1724940160.823304176 -0.916590571 -0.612921357 1.781578302 0.024853880 0.969115257 -0.090372361 0.228102654
1724940161.726547480 -0.901164532 -0.557874799 1.753900886 0.005903044 0.975220025 -0.034273237 0.218486756
1724940163.493352652 -0.909306765 -0.567578793 1.694541335 0.016786631 0.965249598 -0.042729527 0.257265747
1724940164.659683466 -0.964464486 -0.572887242 2.067721844 0.026518241 0.977844954 -0.086851962 0.188607693
1724940165.293430090 -1.110837340 -0.585614324 2.280941248 0.040266614 0.975438416 -0.107316516 0.188100114
1724940165.860805750 -1.126409650 -0.586224616 2.449039936 0.018973064 0.977274537 -0.124661282 0.170394003
1724940166.427471399 -1.095128059 -0.584557712 2.633981705 0.018148094 0.979857743 -0.144509688 0.136624902
1724940166.894100904 -1.168165445 -0.564214110 2.734195471 0.022550840 0.980968595 -0.132540226 0.140089899
1724940167.427431822 -1.281865597 -0.542665064 2.847962141 0.004683239 0.986590803 -0.120609432 0.109863758
1724940167.961083651 -1.337326527 -0.518884242 2.969761610 -0.010852328 0.990302026 -0.090122744 0.105176285
1724940168.529918432 -1.319121122 -0.478494763 3.204372168 -0.007909385 0.991681993 -0.067366704 0.109389164
1724940169.031311989 -1.352488279 -0.458191752 3.396831274 -0.022949951 0.990460455 -0.074624956 0.113545358
1724940169.597967863 -1.401922703 -0.451672614 3.585858107 -0.010422981 0.989275634 -0.051198792 0.136395782
1724940170.097954035 -1.391543388 -0.458500803 3.789117575 -0.006269586 0.992771566 -0.078115486 0.090902269
1724940170.564612627 -1.384327412 -0.428926170 3.960696220 0.002754309 0.996712744 -0.056737032 0.057767540
1724940170.998235941 -1.430953026 -0.402965754 4.072762012 -0.004076297 0.997105896 -0.037636124 0.065930367
1724940171.699964046 -1.451377273 -0.385578334 4.133068085 -0.007882318 0.997370243 -0.023464283 0.068117000
1724940172.167390108 -1.390799403 -0.378031909 4.227644444 -0.008769469 0.999198616 -0.027215764 0.028008688
1724940172.300877333 -1.275123000 -0.339016825 4.358740807 -0.008740570 0.998507738 -0.041216407 0.034744021
1724940172.334249973 -1.278424740 -0.340901792 4.347012997 -0.008924243 0.997874200 -0.032372411 0.055852834
1724940172.734742641 -1.327165365 -0.343946278 4.305327415 -0.021656293 0.998256445 -0.011106179 0.053775109
1724940173.934895515 -1.407816410 -0.359644830 4.293745041 -0.021420000 0.998747587 -0.019118343 0.040975146
1724940174.401566029 -1.419941783 -0.383154064 4.292467594 -0.014001586 0.998013437 -0.042015474 0.044808678
1724940175.068609715 -1.444896936 -0.418595433 4.234939575 -0.018897304 0.995312572 -0.056415543 0.076243661
1724940175.569813013 -1.490128994 -0.436152577 4.095256329 -0.016694346 0.990210772 -0.063437894 0.123205557
1724940176.170598745 -1.503546953 -0.442003250 3.916491985 -0.020550488 0.987711608 -0.079927884 0.132721722
1724940176.870386600 -1.547003269 -0.444225073 3.714730263 -0.015975209 0.984832287 -0.070614241 0.157682493
1724940177.471098185 -1.683962822 -0.434459180 3.612446547 -0.016193289 0.969288409 -0.052947797 0.239612788
1724940178.038330793 -1.780277610 -0.443012029 3.671759367 -0.016630409 0.963603497 -0.060374476 0.259897351
1724940178.605000257 -1.890457392 -0.431734324 3.780910015 -0.013018252 0.963600397 -0.053028170 0.261711389
1724940179.038446903 -1.975790501 -0.427709222 3.833135605 -0.016797528 0.958670557 -0.034604829 0.281906247
1724940179.438935280 -2.058930874 -0.421840131 3.844800472 -0.019667601 0.946306586 -0.023150221 0.321840227
1724940179.806056261 -2.159939289 -0.410872996 3.866775274 -0.017815579 0.930616438 -0.019383095 0.365047872
1724940180.206249475 -2.264647484 -0.408972353 3.899896145 -0.028564751 0.925924897 -0.013937219 0.376368016
1724940181.239437103 -2.409341812 -0.391137421 4.114711761 -0.013119581 0.938642144 0.003318904 0.344626963
1724940181.872663260 -2.496916533 -0.375664115 4.173605442 -0.045944352 0.931850910 0.032866605 0.358417034
1724940182.139294863 -2.531312943 -0.355110675 4.187186718 -0.059632659 0.920557082 0.057349160 0.381745517
1724940182.339274168 -2.568556547 -0.352642864 4.181532860 -0.067767531 0.910702646 0.076728515 0.400176316
1724940182.572572708 -2.612993240 -0.352529496 4.176088333 -0.073873423 0.906688511 0.074645855 0.408517599
1724940182.839185953 -2.680841684 -0.346266150 4.171821117 -0.076475240 0.898186147 0.073551789 0.426618487
1724940183.139521122 -2.757233620 -0.331020832 4.168410778 -0.086344562 0.894841075 0.076330148 0.431251436
1724940183.306560516 -2.791524887 -0.329377472 4.175777435 -0.091061987 0.890379190 0.085633412 0.437720865
1724940183.974779606 -2.840227604 -0.314744651 4.171516895 -0.099219039 0.873339772 0.081772998 0.469836652
1724940184.308446646 -2.839398623 -0.316887408 4.166186333 -0.103584468 0.867386878 0.078112096 0.480425626
1724940185.075850010 -2.851764917 -0.318013251 4.139610767 -0.099338524 0.852634966 0.086499237 0.505631626
1724940185.342490911 -2.849704742 -0.316844195 4.139755249 -0.098320022 0.837035060 0.088311210 0.530948818
1724940185.509134054 -2.841770411 -0.312630296 4.135036469 -0.100057341 0.829415917 0.087518446 0.542584956
1724940185.575789452 -2.839664698 -0.316956788 4.134392262 -0.098603524 0.824907064 0.088243142 0.549562454
1724940185.642444611 -2.831983089 -0.320373178 4.136801720 -0.099106610 0.818707287 0.088098414 0.558690429
1724940185.675771475 -2.835062027 -0.329947770 4.137399673 -0.097339042 0.814292133 0.090545349 0.565026522
1724940185.709098339 -2.840019703 -0.333523095 4.140032768 -0.094495460 0.808673561 0.092671633 0.573175073
1724940185.775751352 -2.837543011 -0.327951401 4.148946762 -0.093849286 0.797449410 0.093389988 0.588680804
1724940185.809077740 -2.830603600 -0.321176469 4.139040470 -0.092670985 0.793396890 0.093647279 0.594275832
1724940185.909054756 -2.827864170 -0.308106303 4.136400700 -0.091364682 0.787857473 0.094277926 0.601701617
1724940186.543660641 -2.805574417 -0.308529019 4.128677368 -0.097540833 0.771770120 0.093559533 0.621372223
1724940187.244976759 -2.797843933 -0.320523173 4.136084557 -0.082823157 0.755294263 0.076186366 0.645652115
1724940187.645432949 -2.802264214 -0.328191727 4.153445721 -0.063049719 0.746216416 0.053571891 0.660542071
1724940192.715583563 -2.789269924 -0.347413599 4.143787861 -0.036176469 0.711252093 0.009049461 0.701947212
1724940193.315504313 -2.686188221 -0.351798296 4.052481651 -0.045119014 0.694589615 0.006938702 0.717956364
1724940193.482153177 -2.637678623 -0.359673142 4.008831024 -0.054874618 0.690747499 0.006590731 0.720980763
1724940193.582139730 -2.602035761 -0.368690848 3.988238811 -0.059803221 0.689281046 0.008718977 0.721969068
1724940193.648796082 -2.581897736 -0.369995803 3.972239971 -0.062126558 0.692709208 0.006053141 0.718510687
1724940193.848760605 -2.533586740 -0.365338326 3.922358036 -0.075340286 0.701225579 -0.008132124 0.708900809
1724940194.148721695 -2.452292919 -0.364768505 3.844277620 -0.085021175 0.686054707 -0.018993950 0.722315431
1724940194.215382338 -2.436034679 -0.354755878 3.818848610 -0.083093800 0.676020145 -0.016805017 0.731990278
1724940194.282042027 -2.412178278 -0.361001551 3.803027153 -0.088494912 0.669681609 -0.011969410 0.737259746
1724940194.348700762 -2.391875267 -0.365888715 3.787501335 -0.091479428 0.667755663 -0.004911731 0.738721728
1724940194.548671484 -2.320259809 -0.369171858 3.755349398 -0.094815321 0.673324883 -0.007145572 0.733207107
1724940194.748633862 -2.238341331 -0.356861174 3.755092144 -0.079361051 0.669752717 -0.004508173 0.738317549
1724940195.282124996 -1.989294291 -0.381917596 3.847018719 -0.072579235 0.698834479 -0.015263431 0.711427867
1724940195.548998117 -1.885157108 -0.387161046 3.877980947 -0.052701414 0.699348450 -0.002579664 0.712830722
1724940195.982678413 -1.645143747 -0.398443878 3.893977642 -0.054439534 0.702914178 -0.013277100 0.709063947
1724940196.549459457 -1.351768255 -0.423729539 3.931357384 -0.035820540 0.699607968 -0.007863525 0.713585138
1724940196.649461746 -1.301888227 -0.427681088 3.949317932 -0.032480486 0.695131361 -0.006130243 0.718122482
1724940197.082785845 -1.085162878 -0.430930495 4.022855759 -0.019191558 0.702036142 0.009944271 0.711813331
1724940197.149461508 -1.063588858 -0.431236863 4.033985615 -0.020687422 0.697928071 0.014627693 0.715719581
1724940197.516164541 -0.848774433 -0.439320683 4.013414860 -0.016447421 0.695254922 0.015502104 0.718407810
1724940197.716175079 -0.722947836 -0.453718424 3.989025593 -0.027103061 0.695802629 -0.001148753 0.717720568
1724940197.949512720 -0.608519554 -0.463811576 3.963878870 -0.029203102 0.691494644 0.001264066 0.721789956
1724940198.416185141 -0.351197720 -0.477579147 3.950914383 -0.021758195 0.695477784 0.015895767 0.718042195
1724940198.682842731 -0.205209732 -0.483105481 3.958894014 -0.012151348 0.704192221 0.029425455 0.709295273
1724940198.882827520 -0.115740538 -0.476108491 3.969996929 -0.013366596 0.703574479 0.022380536 0.710143209
1724940198.982817650 -0.059477568 -0.473428756 3.970418930 -0.015739165 0.690039158 0.022587309 0.723248243
1724940199.216358900 0.116392851 -0.473009676 3.968866348 -0.033045519 0.677873015 0.007338867 0.734399319
1724940199.717057467 0.394843340 -0.520396829 3.964337826 -0.048666667 0.655289471 -0.007180202 0.753774345
1724940199.984127522 0.540013790 -0.509148717 3.987878084 -0.040393408 0.653428137 -0.009816621 0.755846322
1724940200.184500456 0.653800488 -0.546723485 4.015116215 -0.053121321 0.659911692 -0.013480310 0.749341667
1724940200.485274076 0.765699625 -0.522752643 4.029143333 -0.030666405 0.661585987 -0.003925223 0.749231696
1724940200.719228506 0.881618738 -0.543114305 4.025857925 -0.018366553 0.665096402 -0.004528381 0.746517897
1724940200.986625195 0.999351263 -0.564401150 3.976508856 -0.027105853 0.685673535 -0.009530061 0.727341950
1724940201.486898661 1.257631540 -0.558114290 3.923588514 -0.033746429 0.698918581 0.000562714 0.714404404
1724940201.920193911 1.486366034 -0.565336585 3.987836838 -0.047388151 0.702894986 0.002131849 0.709710121
1724940202.186963081 1.624492168 -0.542929888 4.041553497 -0.042890072 0.716747761 0.003348591 0.696004331
1724940202.287092447 1.663537741 -0.549684584 4.058749199 -0.049713753 0.705828071 0.005357385 0.706616282
1724940202.453981161 1.759286404 -0.545729160 4.082976341 -0.048641525 0.701277256 0.014309241 0.711083293
1724940202.587498188 1.848317623 -0.548199534 4.088464737 -0.055078771 0.696637452 0.014125137 0.715166450
1724940202.687639713 1.912785769 -0.545960009 4.086904526 -0.059341043 0.691028833 0.010302216 0.720313668
1724940202.787784100 1.996516705 -0.566519141 4.093383789 -0.066601433 0.693879068 -0.004911097 0.716988206
1724940202.988081932 2.082892656 -0.564910412 4.069822311 -0.067230962 0.695801318 -0.006014881 0.715055585
1724940203.088234901 2.125859499 -0.572902620 4.062584877 -0.074905239 0.696963489 0.001120763 0.713182926
1724940203.221600533 2.212565660 -0.570175886 4.079995155 -0.070104398 0.696377516 0.011415726 0.714152217
1724940203.321623325 2.250939846 -0.584530056 4.075010300 -0.067578159 0.698695540 0.016622279 0.712026298
1724940203.588344812 2.377087831 -0.577621460 4.078222752 -0.069495440 0.716114461 0.017722618 0.694288433
1724940203.788380146 2.470220327 -0.583577156 4.100002766 -0.070027500 0.718397021 0.019935677 0.691812456
1724940203.955072880 2.526177406 -0.580139160 4.104565144 -0.069308616 0.726418734 0.019165717 0.683480024
1724940204.221787453 2.631822109 -0.581380427 4.115185738 -0.074408285 0.723763347 0.018160451 0.685784459
1724940204.421826839 2.698190928 -0.582955599 4.099733353 -0.075533316 0.711182117 0.013283409 0.698812127
1724940204.621860981 2.784384489 -0.595158100 4.072401524 -0.083949059 0.705601573 0.008171136 0.703571081
1724940204.721876144 2.827130556 -0.607824266 4.051051617 -0.092441216 0.711995602 0.000246393 0.696072519
1724940204.921902657 2.893832684 -0.604922354 4.002016068 -0.093165495 0.704074502 0.000944681 0.703987479
1724940205.221950531 2.999820709 -0.601273477 3.975652456 -0.103239901 0.701999843 0.007443761 0.704615116
1724940205.388650417 3.063462257 -0.612866282 3.974750996 -0.110312246 0.699783742 0.016389515 0.705595791
1724940205.522007704 3.114799500 -0.604351699 3.970150471 -0.099792250 0.705412984 0.020619780 0.701433420
1724940205.622024298 3.157145262 -0.616880774 3.981524944 -0.097115301 0.706382930 0.013898286 0.700998366
1724940205.755377769 3.200872898 -0.623397946 3.969790220 -0.087778993 0.718428552 0.015378905 0.689868748
1724940205.855391026 3.243636608 -0.638601720 3.984143972 -0.083729848 0.729625046 0.018579697 0.678447902
1724940205.955403328 3.265716553 -0.623144090 3.963548660 -0.064923882 0.736310720 0.023344301 0.673116982
1724940206.723107815 3.399253130 -0.635581434 3.907290936 -0.046279818 0.755245209 0.010994729 0.653714001
1724940207.090435028 3.454602003 -0.660082936 3.822436571 -0.070893809 0.724448979 -0.019883439 0.685384929
1724940207.190479755 3.462603807 -0.661530852 3.795896769 -0.069679737 0.711741626 -0.021256942 0.698653519
1724940207.390567541 3.487322092 -0.667694092 3.736870766 -0.078589588 0.694535077 -0.019372147 0.714891195
1724940208.190898895 3.558381557 -0.673830748 3.694099903 -0.089523628 0.684137702 -0.003927613 0.723827124
1724940209.324742079 3.605046988 -0.650825739 3.938744068 -0.069081053 0.717559516 -0.004981831 0.693044960
1724940210.359158993 3.659392595 -0.682033837 3.678887367 -0.070472427 0.680793047 -0.018436743 0.728844702
1724940210.559743166 3.672451258 -0.687353969 3.646339893 -0.066661045 0.675886631 -0.012561320 0.733877242
1724940210.760342360 3.694148064 -0.708479583 3.580158234 -0.062271789 0.657484949 -0.004033912 0.750879169
1724940211.027831793 3.749590397 -0.697347939 3.526049852 -0.058851413 0.649129689 0.001062317 0.758397102
1724940211.128050804 3.783687353 -0.706424356 3.499549627 -0.064741872 0.651795685 -0.003073679 0.755620003
1724940211.228082418 3.808177471 -0.706824303 3.502455235 -0.067880109 0.658374131 -0.009847034 0.749559164
1724940211.394800186 3.854502916 -0.721575022 3.477300882 -0.068723649 0.656440735 -0.012407292 0.751138270
1724940211.494829893 3.880716562 -0.725513935 3.456133604 -0.064262614 0.663187623 -0.021389985 0.745382428
1724940211.628201008 3.919712067 -0.732746661 3.410291195 -0.062401913 0.661632240 -0.020895265 0.746935248
1724940211.728228331 3.938131332 -0.730124772 3.404449940 -0.063581452 0.664246738 -0.021161973 0.744503856
1724940211.828254700 3.958307981 -0.731603920 3.393748283 -0.061182112 0.672370970 -0.027433934 0.737171233
1724940211.928280115 3.978648424 -0.732436478 3.376492977 -0.055795740 0.668474019 -0.028014418 0.741110325
1724940212.161672592 4.036332607 -0.738057256 3.255326986 -0.061704770 0.637875021 -0.027290968 0.767178714
1724940212.295041084 4.067972660 -0.751361787 3.189883232 -0.072070792 0.607510328 -0.028901787 0.790507317
1724940212.395066261 4.097456932 -0.758524597 3.145934820 -0.082173541 0.582329035 -0.030156197 0.808227003
1724940212.561771870 4.134357929 -0.745240450 3.093659163 -0.101602964 0.564771116 -0.042683274 0.817856073
1724940212.828494787 4.165659428 -0.735088289 3.085519552 -0.099212863 0.567197442 -0.027163053 0.817132831
1724940213.261930227 4.325531960 -0.759237766 2.965712309 -0.097274162 0.550755322 -0.021124208 0.828709960
1724940213.395303965 4.323509216 -0.730381370 2.992052317 -0.083868481 0.573348939 -0.034329675 0.814284086
1724940213.528676033 4.377840519 -0.770128727 2.934870958 -0.088354938 0.564080298 -0.031211508 0.820385695
1724940214.028805971 4.454419613 -0.784009457 2.875411272 -0.069126613 0.531511247 -0.042921189 0.843134165
1724940214.228859425 4.481659412 -0.800778329 2.846803665 -0.078475520 0.498408973 -0.052532408 0.861783266
1724940214.362228155 4.509959221 -0.807075977 2.809278488 -0.076437637 0.453728795 -0.065915033 0.885405362
1724940214.495595217 4.517146587 -0.803934515 2.785253763 -0.081075259 0.418475240 -0.069311157 0.901943088
1724940214.695641756 4.523801327 -0.803185225 2.750127077 -0.090756856 0.402404040 -0.052046888 0.909464300
1724940214.862343788 4.507341385 -0.777123570 2.735829115 -0.094449453 0.406751126 -0.042557236 0.907646239
1724940215.162558794 4.506855011 -0.805571139 2.687453270 -0.095691293 0.434812367 -0.048448011 0.894110799
1724940215.831011057 4.409050941 -0.829007328 2.616971016 -0.072232485 0.416089118 -0.040642824 0.905538797
1724940215.998146534 4.401170254 -0.832643747 2.593637228 -0.065443195 0.372212768 -0.049988933 0.924486876
1724940216.131807089 4.353389740 -0.814156175 2.612281084 -0.063866027 0.363844544 -0.058655407 0.927414596
1724940216.766029835 4.373995781 -0.833370924 2.536425114 -0.080815047 0.332728773 -0.042964276 0.938570499
1724940216.899566650 4.379041672 -0.853665471 2.527434587 -0.078578040 0.313067943 -0.048329264 0.945239782
1724940217.033109188 4.356473923 -0.873378813 2.547197342 -0.074799418 0.303632140 -0.054370049 0.948291361
1724940217.133302927 4.354310036 -0.881936193 2.539336443 -0.072395138 0.284566253 -0.051417612 0.954535127
1724940217.266991138 4.354846001 -0.889921427 2.537612200 -0.076922379 0.252018452 -0.040427402 0.963812888
1724940217.801804543 4.364847660 -0.983376443 2.547803640 -0.102359973 0.128334999 -0.052082967 0.985058308
1724940218.302694321 4.370105743 -1.004251480 2.511352539 -0.055388257 0.088186517 -0.052310281 0.993186235
1724940218.469369888 4.395360470 -1.017779827 2.480291605 -0.047621388 0.058675390 -0.050607454 0.995855570
1724940218.669374228 4.426161766 -1.017343163 2.453908443 -0.051168364 0.026607333 -0.050704688 0.997047126
1724940219.636595249 4.320043087 -1.032565594 2.377954960 -0.067893907 -0.051693443 -0.042509113 0.995445251
1724940220.037025452 4.233109951 -1.001731634 2.317067146 -0.057041325 -0.021790380 -0.034983382 0.997520745
1724940220.437180996 4.232938766 -0.987449050 2.235726833 -0.034469362 0.005832784 -0.022143079 0.999143422
1724940220.603823185 4.503026485 -0.896405578 2.180571079 -0.008682720 -0.062106706 -0.032269157 0.997509956
1724940220.737132788 4.349024773 -0.998521030 2.182244778 -0.043758176 -0.062992632 -0.040139686 0.996245980
1724940221.070390463 4.194274426 -1.000209093 2.170389414 -0.049845826 -0.021262985 -0.043996319 0.997560859
1724940221.436998606 4.208195210 -0.956024647 2.090100288 -0.040696710 0.000387258 -0.026274646 0.998825967
1724940221.570313931 4.217814922 -0.917257905 2.071365833 -0.035358466 0.035946954 -0.028013287 0.998335063
1724940221.670298100 4.197705746 -0.899693787 2.049857140 -0.014790982 0.057319868 -0.034877397 0.997636795
1724940221.770280123 4.263550282 -0.896934986 2.015937328 0.006980224 0.059705526 -0.043047354 0.997262955
1724940221.903585911 4.331578255 -0.948075116 1.928816080 0.007284631 0.051654544 -0.035172943 0.998018861
1724940222.036888123 4.351904869 -0.940249205 1.871272922 -0.011271334 0.028123721 -0.015177415 0.999425650
1724940222.370558739 4.356359959 -0.956745327 1.764548421 -0.026122652 0.036939804 -0.015518685 0.998855472
1724940222.571023703 4.191977024 -0.978239298 1.757207513 -0.039283738 0.055693951 -0.022776498 0.997414768
1724940222.905153513 4.442980766 -0.946377695 1.688691378 -0.027050547 0.003247589 -0.034483965 0.999033809
1724940223.405828714 4.541384220 -1.012352586 1.627681255 -0.033493962 -0.049831010 -0.046251357 0.997123778
1724940223.572434664 4.604617596 -0.988279521 1.593547702 -0.038857289 -0.080178924 -0.042415518 0.995119274
1724940224.138839483 4.503596306 -1.056574583 1.450164199 -0.033868358 -0.054574635 -0.028832493 0.997518539
1724940224.940289259 4.556301594 -1.097530723 1.207544565 -0.044717260 -0.070051119 -0.016697474 0.996400774
1724940225.673922777 4.669310093 -1.116274714 1.065815806 -0.057910684 -0.151281789 -0.022836115 0.986528635
1724940226.073643446 4.708772182 -1.115587592 0.984612107 -0.076974250 -0.193286568 -0.022082264 0.977868915
1724940226.907459736 4.693657875 -1.121498108 0.791463017 -0.082983270 -0.224780664 -0.034377113 0.970260620
1724940227.675362110 4.717090607 -1.106189251 0.692545235 -0.111054838 -0.290691555 -0.037605345 0.949605763
1724940227.875784159 4.729653835 -1.117281556 0.687847376 -0.116340429 -0.309051216 -0.049675163 0.942594647
1724940228.209835529 4.728861809 -1.101756930 0.681781411 -0.113072053 -0.339120448 -0.059307612 0.932037890
1724940228.309786081 4.733744621 -1.090333462 0.676121235 -0.108519979 -0.350525260 -0.059646104 0.928330660
1724940228.542992115 4.742521286 -1.087133884 0.676458538 -0.095647551 -0.353824347 -0.055110518 0.928774834
1724940228.709557056 4.748778343 -1.087902784 0.682827055 -0.095430069 -0.357033342 -0.049005367 0.927911043
1724940230.809654474 4.756222248 -1.082493782 0.693593621 -0.098621003 -0.360670596 -0.054037932 0.925889075
1724940231.277250290 4.753126621 -1.110339761 0.714408755 -0.098440424 -0.373808742 -0.050718389 0.920871437
1724940231.578105927 4.759643078 -1.112963080 0.714294195 -0.097753316 -0.405675024 -0.045360990 0.907642305
1724940231.845573902 4.766887665 -1.107211828 0.721270442 -0.096809842 -0.431876868 -0.030571040 0.896200657
1724940232.079640150 4.773055553 -1.129510760 0.729239702 -0.103094526 -0.459695965 -0.019742953 0.881851077
1724940232.613223791 4.764790058 -1.145230055 0.756925106 -0.103704713 -0.518502116 -0.029252699 0.848260105
1724940232.912948370 4.752953529 -1.152431726 0.781936169 -0.089635111 -0.541308463 -0.031627264 0.835434258
1724940233.245937347 4.749274254 -1.157605886 0.831382036 -0.080432080 -0.582464516 -0.034945179 0.808111787
1724940233.512769222 4.751296997 -1.157021999 0.886590719 -0.077646971 -0.597146749 -0.038330022 0.797444344
1724940233.846323252 4.739304543 -1.153400183 0.947635889 -0.086465396 -0.621382475 -0.038102947 0.777788997
1724940234.346561909 4.671595097 -1.150077701 1.030732632 -0.062694833 -0.647254348 -0.031833459 0.759024262
1724940234.579775095 4.619771957 -1.144961953 1.081936836 -0.058397021 -0.668192029 -0.032370966 0.740986705
1724940234.846283436 4.550471306 -1.139813900 1.140452623 -0.043492433 -0.697127581 -0.021693513 0.715297818
1724940235.079460144 4.510531425 -1.130382657 1.192049980 -0.032132421 -0.717261910 -0.019732626 0.695782661
1724940235.312677383 4.479912281 -1.114117622 1.256994486 -0.035272088 -0.750027955 -0.016105192 0.660268545
1724940235.546024084 4.458812714 -1.108317137 1.338302612 -0.027990801 -0.794498861 -0.023986375 0.606145918
1724940235.779365540 4.431267262 -1.108514786 1.412159920 -0.033140585 -0.833312809 -0.022807175 0.551335931
1724940235.946034670 4.411266327 -1.102376580 1.454468727 -0.035120334 -0.850984991 -0.024907833 0.523422122
1724940236.146034241 4.378028870 -1.097916842 1.479666233 -0.029528840 -0.868119180 -0.023647571 0.494912028
1724940236.312741041 4.343887329 -1.095916271 1.492727757 -0.027262336 -0.882080615 -0.016256366 0.470027953
1724940236.446027994 4.303574562 -1.093400478 1.494334698 -0.022550991 -0.889524400 -0.013980027 0.456116617
1724940236.545989990 4.271966457 -1.092009544 1.496200085 -0.017348737 -0.894688785 -0.011628337 0.446201473
1724940236.745905161 4.197091103 -1.094338775 1.501676559 -0.004652475 -0.903938591 -0.014054771 0.427405924
1724940237.012441397 4.115693092 -1.090213299 1.507274628 -0.011391583 -0.907846808 0.000608242 0.419146836
1724940237.278957605 4.052912235 -1.083315253 1.525193214 -0.015654398 -0.914986014 0.008296068 0.403096557
1724940237.579459429 3.988388777 -1.067272186 1.568205833 -0.007394168 -0.933453500 0.019761723 0.358077466
1724940237.779857397 3.935331106 -1.069255233 1.610893250 0.009062222 -0.949995339 0.009078527 0.312000424
1724940237.913459539 3.911222458 -1.059338212 1.625165462 0.021081168 -0.956384480 0.004135037 0.291319698
1724940238.113867760 3.866808891 -1.049260259 1.645703793 0.020799818 -0.967739999 -0.007607169 0.250975788
1724940238.280879259 3.836325645 -1.041813374 1.636494637 0.019575685 -0.971668661 -0.004270296 0.235496506
1724940238.414346457 3.797569275 -1.041068077 1.623136520 0.019384369 -0.975404441 0.000892673 0.219567060
1724940238.614482164 3.732098341 -1.034388661 1.596958160 0.013118069 -0.975218713 -0.004059805 0.220816359
1724940238.747909069 3.694904327 -1.034742951 1.553854942 0.011635578 -0.974653661 -0.006644983 0.223317698
1724940238.881339073 3.634144306 -1.038030386 1.512196064 0.021243602 -0.971884251 -0.002226669 0.234488219
1724940239.048130035 3.592893839 -1.049547434 1.466623783 0.020695461 -0.965870023 0.006719694 0.258111924
1724940239.181566000 3.559370518 -1.046849012 1.433146477 0.015765438 -0.965226412 0.015808104 0.260460228
1724940239.348324060 3.511082411 -1.040836692 1.396693707 0.009684616 -0.965347469 0.015398971 0.260333121
1724940239.514919281 3.450803280 -1.038493991 1.358222723 0.009237609 -0.968066156 0.013247877 0.250174046
1724940239.648188829 3.409832716 -1.040214419 1.330203056 0.004770798 -0.972477436 0.015654810 0.232421651
1724940239.781453609 3.343948603 -1.039372325 1.304250717 0.001244921 -0.979316473 0.009098245 0.202126026
1724940239.914712906 3.252607822 -1.025953293 1.280296087 0.014271636 -0.980591774 0.018441560 0.194669008
1724940240.047966957 3.222054243 -1.036762953 1.261164904 0.026853463 -0.979250312 0.023189420 0.199524567
1724940240.214527607 3.172034025 -1.026852608 1.237245560 0.021799522 -0.981713474 0.030606627 0.186619237
