#timestamp tx ty tz qx qy qz qw
0.033333000 0.000000000 0.000000000 0.000000000 -0.000000000 -0.000000000 -0.000000000 1.000000000
0.199998000 0.003256937 0.001217743 -0.005095692 -0.001911836 0.003645763 -0.001726385 0.999990046
0.299997000 0.003095694 0.007797012 -0.005821674 -0.007569537 0.001049910 0.000062247 0.999970853
0.366663000 0.005225331 0.007327779 -0.007877216 -0.014225748 -0.002339850 0.001239616 0.999895334
0.433329000 0.007125241 0.010555444 -0.008977333 -0.017741701 -0.003956114 0.002612155 0.999831378
0.533328000 0.012901510 0.015322483 -0.009642091 -0.026367687 0.005326841 0.002970444 0.999633729
0.599994000 0.013872163 0.017762376 -0.009307233 -0.028073108 0.009423217 0.002769601 0.999557614
0.699993000 0.016221967 0.015953906 -0.010159325 -0.031744082 0.011767094 0.001778952 0.999425173
0.833325000 0.014986074 0.015599885 -0.012437905 -0.031249899 0.012820121 0.000571960 0.999429286
0.933324000 0.015589988 0.014070353 -0.016826253 -0.024645051 0.012208284 0.000506615 0.999621630
0.999990000 0.017545173 0.003873999 -0.017208008 -0.015722116 0.012563679 0.001481400 0.999796391
1.066656000 0.017274644 0.002185756 -0.025468407 0.000959045 0.012742087 0.004161252 0.999909699
1.133321999 0.014973721 0.001457128 -0.033192087 0.012523535 0.011875577 0.004768749 0.999839723
1.199988000 0.014870396 -0.001596001 -0.038287289 0.019294035 0.010856906 0.004633115 0.999744177
1.333320000 0.014229688 -0.012871306 -0.047320344 0.032237701 0.010691877 0.000534548 0.999422908
1.566651000 0.005954558 -0.026216922 -0.066489697 0.064428993 0.008413591 -0.007418288 0.997859240
1.666650000 0.009150733 -0.035621557 -0.079928309 0.079287790 0.004322710 -0.007038459 0.996817589
1.699983000 0.008890226 -0.036323935 -0.080435991 0.085025392 0.004361594 -0.007308947 0.996342480
1.833315000 0.006054617 -0.039271194 -0.093011789 0.102744244 0.005309856 -0.009142525 0.994651616
1.899980999 0.008374846 -0.041391011 -0.099137142 0.111380845 0.008041689 -0.008540789 0.993708551
1.933314000 0.008164147 -0.042909179 -0.100897178 0.115824617 0.009788372 -0.007736315 0.993191361
1.999980000 0.003889624 -0.044447288 -0.104403995 0.124631800 0.013611105 -0.006914814 0.992085636
2.033313000 0.004276704 -0.045881528 -0.108306728 0.128654718 0.014475566 -0.006734069 0.991560936
2.099978999 -0.017526109 -0.022985289 -0.089774154 0.139329091 0.018425122 -0.006356616 0.990054309
2.166644999 -0.003787445 -0.053252377 -0.113678351 0.138490945 0.016186660 -0.007844131 0.990200341
2.266643999 -0.002778900 -0.046803504 -0.111683585 0.144716173 0.016129846 -0.008192209 0.989307821
2.433308999 -0.006870348 -0.053836830 -0.123918548 0.152496114 0.009443687 -0.010939087 0.988198400
2.633306999 0.002101789 -0.055879876 -0.114339285 0.152433217 0.009684069 -0.011274204 0.988202035
2.733305999 0.005965842 -0.047696553 -0.108605891 0.153041676 0.016491985 -0.010454451 0.988026857
2.799971999 0.010188192 -0.052880220 -0.106571466 0.153053775 0.024681166 -0.006067092 0.987891018
2.866638000 0.019506106 -0.067658342 -0.111978702 0.150145367 0.031440869 -0.001924970 0.988162041
2.933304000 0.064433455 -0.046496075 -0.116881035 0.152571797 0.035278257 0.003429094 0.987656593
2.999969999 0.072136477 -0.028457306 -0.107974581 0.155267984 0.045448832 0.007819950 0.986795366
3.066635999 0.046233110 -0.055693172 -0.110230647 0.149332553 0.061046582 0.013890466 0.986802995
3.133302000 0.058131184 -0.051968697 -0.103832297 0.147399917 0.071181126 0.019109486 0.986327231
3.199968000 0.060573831 -0.055168547 -0.098381072 0.144973740 0.081729233 0.025557296 0.985722959
3.299967000 0.059004016 -0.061697565 -0.102119967 0.140298232 0.098223388 0.033824675 0.984644353
3.366633000 0.058966134 -0.062970124 -0.094546631 0.138080835 0.111021481 0.038734578 0.983416259
3.466632000 0.068788812 -0.066182800 -0.093004607 0.133756414 0.126854375 0.047043514 0.981735289
3.666630000 0.075175047 -0.067799382 -0.084657326 0.127636567 0.155268103 0.064723849 0.977451563
4.099959000 0.084498048 -0.064194493 -0.025824895 0.101087421 0.182129577 0.110678464 0.971782088
4.466622000 0.165024012 -0.096216202 0.032424998 0.077627778 0.210782304 0.123772033 0.966553271
4.499954999 0.184525713 -0.105894029 0.041081727 0.074401639 0.209431514 0.125446677 0.966884673
4.533287999 0.196287349 -0.117266163 0.042948097 0.073489688 0.209453151 0.127530217 0.966677129
4.666620000 0.272230089 -0.131724000 0.078157939 0.081036754 0.201887041 0.136609733 0.966443241
4.699952999 0.293777585 -0.140923873 0.075960666 0.080663964 0.201672614 0.136318505 0.966560304
4.766619000 0.325590312 -0.145048529 0.091721974 0.084793031 0.206779271 0.137113422 0.965014219
4.833285000 0.358995289 -0.158541113 0.105647765 0.081924096 0.211011678 0.136891156 0.964377165
4.866617999 0.370605618 -0.167473093 0.110637471 0.081497192 0.212837055 0.135587409 0.964196384
4.933283999 0.392400384 -0.173663482 0.117865615 0.081030972 0.213779509 0.133309960 0.964344740
5.033282999 0.422371119 -0.189827889 0.134121656 0.074856654 0.217490286 0.129744604 0.964500308
5.166615000 0.443566412 -0.213083938 0.164907500 0.069739096 0.215630218 0.129128650 0.965383828
5.199948000 0.452035218 -0.220847026 0.172077477 0.068519332 0.212213650 0.128826231 0.966268241
5.266613999 0.458238006 -0.232040212 0.187376037 0.067819260 0.208331764 0.125496030 0.967599690
5.466611999 0.507995903 -0.277596921 0.253713936 0.064033359 0.206248268 0.115697883 0.969523311
5.499945000 0.513728380 -0.290311068 0.258304507 0.065408006 0.207297042 0.116756633 0.969080806
5.633276999 0.555986047 -0.302812696 0.294575214 0.068255819 0.222011074 0.129424796 0.964002848
5.799941999 0.619935513 -0.321132511 0.318976790 0.058474857 0.243770391 0.157554209 0.955161452
5.899941000 0.654243410 -0.322924674 0.335209966 0.053794619 0.256461620 0.168030083 0.950315475
6.033273000 0.680602670 -0.320646375 0.335429847 0.050136589 0.265960276 0.179454133 0.945805311
6.066606000 0.693099797 -0.309068859 0.333542734 0.049613845 0.266873091 0.181565970 0.945172489
6.099939000 0.703547359 -0.306664675 0.341147482 0.045935135 0.271801263 0.185774490 0.943134069
6.133271999 0.716651201 -0.304385364 0.341548800 0.042976644 0.274902463 0.191114768 0.941305876
6.166604999 0.727128386 -0.302683890 0.344827086 0.040961366 0.279868096 0.196126014 0.938898623
6.233271000 0.740197003 -0.307849973 0.344645917 0.038813874 0.289289653 0.209600136 0.933205664
6.299936999 0.745216906 -0.307561457 0.355113447 0.039450441 0.303069621 0.221538424 0.926020145
6.399936000 0.752161682 -0.315661907 0.359980345 0.036977582 0.323085338 0.239411920 0.914839029
6.466601999 0.748294055 -0.312780857 0.372971684 0.039886631 0.338566631 0.252813339 0.905465186
6.533267999 0.744586289 -0.328723490 0.380765647 0.039531104 0.351752251 0.269562155 0.895569086
6.633267000 0.736362815 -0.335652292 0.395702094 0.042189322 0.367771029 0.286961973 0.883525550
6.733266000 0.721530557 -0.341739386 0.413521379 0.044396844 0.385207504 0.300673753 0.871343434
6.799932000 0.714844644 -0.348736078 0.421606958 0.044078905 0.398228228 0.309110373 0.862509251
6.866597999 0.712116063 -0.353616744 0.413874149 0.043025885 0.406575233 0.319590807 0.854814112
6.933264000 0.699918091 -0.359190375 0.428136408 0.042227298 0.422303140 0.326733530 0.844465554
7.099929000 0.689924121 -0.365466624 0.408661187 0.035106055 0.446687311 0.340294152 0.826703012
7.133262000 0.668708563 -0.398683339 0.480076879 0.032674499 0.473455995 0.342340410 0.810909867
7.299927000 0.653219700 -0.378553361 0.444418937 0.049040578 0.488751948 0.340535283 0.801718414
7.399925999 0.642744422 -0.357414335 0.421760499 0.052105054 0.493470103 0.346511394 0.796054125
7.466592000 0.641911089 -0.343516946 0.390472651 0.049846753 0.496181756 0.349673837 0.793124974
7.533258000 0.625888228 -0.345925122 0.430208653 0.047563970 0.518008173 0.355926663 0.776351392
7.566590999 0.627769172 -0.327422559 0.388200641 0.045672897 0.514012456 0.359127998 0.777645350
7.599923999 0.624826133 -0.322589517 0.382721364 0.043714724 0.519259274 0.362420589 0.772729039
7.633257000 0.617516398 -0.314051628 0.378070414 0.043694671 0.524388552 0.366843641 0.767159164
7.699923000 0.607783914 -0.317559689 0.366746366 0.039401054 0.534679949 0.378881931 0.754329741
7.733255999 0.612753868 -0.291088194 0.329999745 0.040227339 0.531335950 0.382297009 0.754925728
7.799921999 0.600533962 -0.287039578 0.343037665 0.037311632 0.545537829 0.393730521 0.738899589
7.866588000 0.601622283 -0.261652321 0.288979381 0.036308892 0.544806480 0.400313079 0.735946357
7.933253999 0.595751762 -0.238674819 0.261882931 0.037202761 0.549487233 0.406883568 0.728783607
7.999920000 0.590539157 -0.236848801 0.254871964 0.035706095 0.558585286 0.415542573 0.716960192
8.066585999 0.581561327 -0.217935473 0.258249909 0.039849408 0.564832866 0.421737492 0.708176076
8.133252000 0.579633594 -0.206071585 0.253333330 0.041157767 0.565461993 0.427648246 0.704042435
8.166584998 0.581452370 -0.204458922 0.244150251 0.039663903 0.565524161 0.429749966 0.702797413
8.199918000 0.585882545 -0.206634879 0.236858040 0.035833754 0.566666842 0.433383912 0.699845016
8.266583999 0.590241432 -0.202832788 0.237396896 0.032177392 0.574185967 0.437566042 0.691238821
8.333249998 0.600883007 -0.194121152 0.238811016 0.030668305 0.579883575 0.440102249 0.684912086
8.433249000 0.629654169 -0.205305308 0.234646678 0.025536578 0.591422379 0.443443626 0.672997177
8.499914999 0.644767225 -0.197311521 0.245965004 0.026472487 0.600182950 0.448231697 0.661942601
8.566580998 0.673304200 -0.205995053 0.267692566 0.026286021 0.612196267 0.450370133 0.649377763
8.633247000 0.679673851 -0.200523823 0.262017667 0.030029774 0.617942929 0.449166745 0.644588232
8.699913000 0.699063659 -0.206714272 0.249424696 0.027362648 0.618280768 0.453624845 0.641252458
8.799912000 0.719766855 -0.195998430 0.252409399 0.023544187 0.618385792 0.460828245 0.636146247
9.033243000 0.793716192 -0.193575799 0.257852793 0.019431731 0.629572511 0.469435662 0.618781924
9.099909000 0.825021029 -0.190416276 0.251024663 0.010217356 0.634488702 0.473300576 0.610987961
9.166574999 0.865815938 -0.188453555 0.256906867 0.004388567 0.646197140 0.475739747 0.596725821
9.266574000 0.896969914 -0.160279036 0.268028498 0.016118312 0.663744926 0.474005193 0.578361452
9.333240000 0.926510036 -0.165995121 0.257657826 0.014826453 0.671043634 0.472415507 0.571230531
9.399905999 0.944447458 -0.157851934 0.247742414 0.015153765 0.676587701 0.475883812 0.561724305
9.466571999 0.975354850 -0.157489359 0.256132066 0.016205592 0.685406864 0.482015193 0.545542061
9.566570999 1.002948403 -0.158906758 0.253843546 0.022556467 0.695624888 0.486890376 0.527764261
9.633236999 1.020782232 -0.162375212 0.249132633 0.024466341 0.698616624 0.492368191 0.518565118
9.699903000 1.038996458 -0.166545808 0.250378430 0.026524724 0.699181318 0.499118954 0.511196852
9.833235000 1.095152020 -0.180233479 0.272105098 0.035938997 0.698352158 0.514793217 0.495984614
9.899900999 1.115204096 -0.196414649 0.271238267 0.040807810 0.701345325 0.517836392 0.488154650
9.966566999 1.136274934 -0.208663762 0.270689845 0.042253576 0.703388095 0.529001713 0.472881615
10.066565999 1.178307056 -0.225523710 0.293214381 0.045420572 0.712920487 0.548679471 0.434318155
10.133231999 1.226848125 -0.247425556 0.322798789 0.053270757 0.722679198 0.562398076 0.398252904
10.233230999 1.236830950 -0.271434605 0.300877154 0.057162311 0.721833527 0.578220963 0.375964612
10.299896999 1.248222232 -0.282464862 0.307481766 0.049610913 0.725934029 0.582544863 0.362215459
10.366562999 1.265225172 -0.292602241 0.327724576 0.044931989 0.734303117 0.583941400 0.343209177
10.433229000 1.275464296 -0.300639749 0.327505469 0.037672129 0.741589189 0.580541313 0.334062964
10.499895000 1.253483176 -0.295394272 0.326225698 0.035819333 0.752540171 0.572878242 0.322816998
10.566561000 1.260205746 -0.298974991 0.330367863 0.031782638 0.755926371 0.573998988 0.313193828
10.633226999 1.266970634 -0.296907216 0.334682107 0.032666083 0.757103443 0.577561080 0.303562969
10.733226000 1.283659697 -0.308707774 0.340472817 0.031319682 0.764836907 0.576334894 0.286149770
10.799891999 1.293500900 -0.315097362 0.348593444 0.029175187 0.773007035 0.574790239 0.266880363
10.899891000 1.302775741 -0.320150554 0.349716693 0.027737558 0.779396951 0.577075899 0.242393270
11.066556000 1.334444284 -0.331966221 0.364202410 0.025961770 0.784659624 0.588998973 0.191613123
11.199887999 1.357917190 -0.346667886 0.377069175 0.028244009 0.787500560 0.598519504 0.144289851
11.266553999 1.365914702 -0.354025424 0.383577168 0.028873747 0.786846399 0.603419483 0.126190305
11.366552999 1.372717381 -0.368464887 0.398382664 0.026026113 0.789198935 0.604798079 0.103475086
11.433218999 1.372935295 -0.374230117 0.399654627 0.023902500 0.790716171 0.605507910 0.086929940
11.499885000 1.371571660 -0.376450568 0.401796788 0.020873085 0.790955365 0.607204020 0.072506301
11.566551000 1.361721158 -0.375176042 0.400102317 0.018340707 0.794978619 0.603200138 0.061823983
11.633217000 1.355415463 -0.384347469 0.399101108 0.014432232 0.802065670 0.595023274 0.049291562
11.799882000 1.329842567 -0.415272713 0.398167670 0.014637523 0.815851033 0.577550352 0.024666741
11.966547000 1.294658422 -0.452242315 0.422697425 0.019424720 0.826620638 0.562421024 0.001903401
12.033212999 1.273203731 -0.465032965 0.430117309 -0.024039647 -0.827220082 -0.561295092 0.008767264
12.099878999 1.254042983 -0.480961025 0.446350574 -0.023915293 -0.829240620 -0.558143139 0.016258350
12.166544999 1.236989498 -0.498626590 0.464039624 -0.023444796 -0.829777300 -0.557121813 0.023135437
12.233211000 1.210753679 -0.523079574 0.496408284 -0.016050966 -0.834497094 -0.549631119 0.035533283
12.299877000 1.201276541 -0.541249394 0.516478479 -0.011105747 -0.836095929 -0.546245217 0.049360376
12.399876000 1.170310259 -0.557968855 0.535685956 -0.009499168 -0.834830761 -0.547124147 0.060187720
12.499874999 1.147353768 -0.577214658 0.552710295 -0.006748008 -0.832915962 -0.548835278 0.070606887
12.566541000 1.131433725 -0.584576964 0.561558008 -0.008720959 -0.830901682 -0.550840020 0.078113131
12.633207000 1.121161580 -0.593310356 0.570291638 -0.008089122 -0.830671489 -0.549860775 0.087020300
12.733205999 1.109286308 -0.603100598 0.576194882 -0.003230102 -0.831978142 -0.545350552 0.101954594
12.799872000 1.096834183 -0.614658594 0.572721362 -0.001197700 -0.832878888 -0.542156696 0.111254163
12.866538000 1.090287447 -0.618191063 0.570980072 0.002296845 -0.832575798 -0.540466368 0.121278033
12.966537000 1.081294775 -0.631397486 0.574534893 0.007770063 -0.830990613 -0.541068554 0.128992498
13.033203000 1.081202507 -0.630551338 0.576727986 0.008752195 -0.828118622 -0.543881536 0.135409728
13.166534999 1.077871799 -0.637332559 0.577803731 0.014079332 -0.827546835 -0.540476441 0.151172981
13.233200999 1.068702579 -0.643574953 0.581292629 0.011785110 -0.828471482 -0.537383854 0.157209322
13.333199999 1.065744758 -0.649964094 0.579404831 0.013188849 -0.829413056 -0.533196807 0.166136250
13.433199000 1.053959131 -0.657659054 0.585436583 0.016684936 -0.827458382 -0.533992708 0.172875851
13.499864999 1.048014522 -0.657960117 0.593597174 0.017191781 -0.825642765 -0.534739912 0.179085746
13.566530999 1.042392731 -0.657784820 0.599709749 0.017740715 -0.822390556 -0.537684083 0.185080573
13.699863000 1.035742879 -0.654400647 0.611947656 0.015184929 -0.816889107 -0.543699086 0.191971019
13.799861999 1.031937718 -0.650564671 0.627761960 0.009828003 -0.810959578 -0.553803086 0.188547477
13.866528000 1.031164169 -0.644058645 0.635784984 0.009332475 -0.805534542 -0.562935352 0.184745252
13.999860000 1.032707095 -0.634078801 0.656572819 0.008270786 -0.793444276 -0.581438541 0.179741815
14.066525999 1.034574866 -0.630932987 0.661558867 0.006328383 -0.788634181 -0.590045154 0.172808662
14.199858000 1.043626070 -0.618395567 0.672869802 0.000640973 -0.781372011 -0.602681696 0.161963791
14.299856999 1.043914676 -0.617260814 0.677382112 -0.004927101 -0.777488410 -0.609527528 0.154802084
14.399855999 1.049884796 -0.609032452 0.673523664 -0.004872401 -0.773726642 -0.615635216 0.149387583
14.499855000 1.055410147 -0.605174243 0.675042748 -0.001531731 -0.772078216 -0.618128121 0.147683993
14.666520000 1.058314323 -0.599619985 0.673156619 -0.002692190 -0.770821154 -0.619638741 0.147903129
15.033182999 1.065503955 -0.594982147 0.673210621 -0.001172809 -0.782061160 -0.605958283 0.145580217
15.199847999 1.085677624 -0.577788770 0.655599236 -0.001837146 -0.789120972 -0.597860754 0.140880436
15.299846999 1.095091939 -0.568613648 0.635470271 -0.011363945 -0.798092246 -0.585387707 0.142270610
15.399846000 1.116311073 -0.556127965 0.612958431 -0.010044280 -0.807235062 -0.567995548 0.160161674
15.466511999 1.117900491 -0.562572896 0.603087544 -0.003651615 -0.811362207 -0.560420156 0.166154295
15.833175000 1.106292009 -0.598391116 0.661501884 0.004137559 -0.816384017 -0.556903541 0.152835146
16.066506000 1.069298267 -0.646284878 0.752303362 0.004318905 -0.821087480 -0.555739284 0.130194366
16.166505000 1.049911976 -0.671984732 0.796026230 0.006315823 -0.823447585 -0.552579641 0.128646493
16.266504000 1.039788723 -0.704652965 0.816628456 0.017763533 -0.819261730 -0.557379425 0.133502796
16.366503000 1.025525093 -0.729799032 0.852436423 0.022492643 -0.822135866 -0.551186025 0.140643731
16.466501998 1.018277407 -0.761739433 0.869143605 0.020722898 -0.827119708 -0.543001473 0.143502459
16.666499999 1.039563417 -0.805339038 0.895443797 0.024828408 -0.829455256 -0.534891188 0.158993587
16.866498000 1.050962687 -0.847366691 0.926960468 0.015973706 -0.828173459 -0.528844178 0.184925377
16.966497000 1.050094843 -0.856741905 0.944305539 0.014437939 -0.818703651 -0.540998638 0.191927865
17.066496000 1.048599243 -0.867195725 0.949955702 0.013631428 -0.804257810 -0.558374107 0.202982575
17.166495000 1.042484283 -0.884503782 0.968767405 0.015223973 -0.796506822 -0.566040874 0.211997136
17.333159999 1.017080426 -0.920742750 1.015826464 0.010809650 -0.792068243 -0.571944714 0.213050023
17.699822999 0.919876695 -1.021335125 1.132126570 0.012735316 -0.789510429 -0.575829983 0.211969510
17.799821999 0.889251173 -1.045496464 1.158942819 0.020324752 -0.783940017 -0.581249356 0.217196077
17.899820999 0.866103053 -1.071003914 1.191798687 0.020013915 -0.781640708 -0.580219567 0.227996618
17.999819999 0.847277403 -1.085385084 1.211188316 0.016218109 -0.773924708 -0.585005939 0.241962060
18.199818000 0.831352830 -1.110926151 1.242616177 0.007383803 -0.766443670 -0.582128823 0.271359116
18.299817000 0.833201885 -1.124195576 1.260553956 0.013756465 -0.764043927 -0.574490011 0.293272614
18.433149000 0.835657001 -1.136603594 1.287257314 0.027406963 -0.757499993 -0.575047433 0.307836205
18.533148000 0.831335902 -1.155358672 1.291998029 0.017743282 -0.753445446 -0.577019274 0.314728349
18.666480000 0.818312287 -1.183189154 1.315248489 0.012971782 -0.762692809 -0.565117359 0.314283013
18.799811999 0.788941324 -1.217006326 1.343392968 0.011938793 -0.768521667 -0.555526674 0.317209542
18.899810999 0.753720284 -1.238984346 1.378144860 0.015465432 -0.772482574 -0.551708996 0.314083815
18.999810000 0.737375855 -1.266541481 1.414434552 0.019639714 -0.772915781 -0.556798339 0.303629845
19.099809000 0.709077239 -1.291389585 1.440669417 0.020685587 -0.775133729 -0.560396492 0.291025132
19.199808000 0.685357153 -1.310494781 1.463865161 0.025387306 -0.777109981 -0.562267125 0.281622589
19.299807000 0.665190578 -1.324218035 1.486595392 0.025452750 -0.773072660 -0.567115545 0.283003151
19.399806000 0.647444844 -1.331001401 1.498729706 0.016951136 -0.766683996 -0.571203232 0.292634934
19.499804999 0.632377982 -1.345154285 1.516096830 0.010557666 -0.761098266 -0.572472870 0.304783404
19.599803999 0.641043305 -1.339777708 1.534605384 0.017480126 -0.754372895 -0.567314386 0.329803526
19.699802999 0.623329997 -1.336598873 1.550555706 0.022416012 -0.739644229 -0.571809769 0.354199886
19.799801999 0.634512305 -1.337195754 1.557835340 0.038561746 -0.726358593 -0.569381535 0.383041650
19.899801000 0.620686769 -1.335011005 1.562123775 0.038979512 -0.716027856 -0.564825356 0.408358961
19.999800000 0.609891653 -1.348732948 1.574981213 0.030597014 -0.711879551 -0.558560312 0.424619526
20.099799000 0.608747005 -1.355080843 1.567422390 0.027459223 -0.706193447 -0.555402279 0.438252389
20.266463999 0.593459845 -1.370493174 1.588068724 0.024790756 -0.700692892 -0.556651771 0.445593655
20.333130000 0.586955786 -1.389822006 1.612822771 0.026073335 -0.699409187 -0.556835473 0.447304368
20.433129000 0.572034359 -1.401024818 1.626697659 0.021667227 -0.690363884 -0.560940742 0.456370175
20.499794999 0.551209927 -1.421324730 1.656437159 0.020761041 -0.688502312 -0.557629526 0.463231057
20.566461000 0.531947851 -1.430347204 1.673789024 0.019064056 -0.685216129 -0.556785882 0.469153374
20.633127000 0.509843826 -1.441814423 1.711054921 0.015747331 -0.685221910 -0.555199623 0.471143633
20.733125999 0.478416681 -1.459801197 1.744743943 0.008896444 -0.682380974 -0.553726494 0.477141529
20.833124999 0.453378201 -1.473987579 1.780940294 0.005819573 -0.680244923 -0.551332951 0.482975125
20.933123999 0.434042931 -1.493920684 1.803012013 0.003510775 -0.677030683 -0.548694909 0.490460008
21.033122999 0.412437916 -1.505262852 1.836994648 0.004728755 -0.677709103 -0.544501603 0.494172037
21.099789000 0.405044556 -1.516269445 1.841547966 0.005795301 -0.675008595 -0.542399883 0.500132143
21.199788000 0.397337437 -1.530766010 1.862133503 0.007269370 -0.672539592 -0.537483990 0.508673370
21.266453999 0.389383554 -1.540583253 1.866411805 0.005705836 -0.669794142 -0.535292745 0.514592052
21.366452999 0.385935545 -1.544483900 1.883104086 0.012076693 -0.668307364 -0.528866649 0.522990942
21.433119000 0.384368181 -1.548402429 1.892718911 0.015231938 -0.665379167 -0.524410427 0.531067073
21.533118000 0.378788948 -1.559963942 1.898415923 0.015560637 -0.658367276 -0.523134112 0.540963113
21.633116999 0.371475697 -1.564411640 1.905326366 0.018907456 -0.650779247 -0.524159849 0.548985720
21.699783000 0.361136675 -1.559956789 1.916606665 0.021824002 -0.647595286 -0.525049925 0.551784992
