#timestamp tx ty tz qx qy qz qw
1724939720.575060368 0.000000000 0.000000000 0.000000000 -0.000000000 -0.000000000 -0.000000000 1.000000000
1724939726.752831936 0.006930232 -0.050562527 0.019236013 0.007667105 -0.014648946 0.000335095 0.999863267
1724939726.786257267 0.004128408 -0.062166762 0.017795304 0.008642287 -0.014191306 -0.000348844 0.999861896
1724939726.853108644 -0.008682454 -0.088361599 0.016743986 0.009608123 -0.016525084 -0.000753480 0.999817014
1724939726.986815929 0.018619491 -0.141964257 0.021439495 0.010394202 -0.026972681 -0.003739791 0.999575138
1724939727.153958321 0.030165557 -0.206299424 0.018785438 0.016107969 -0.021527778 -0.000746991 0.999638259
1724939727.220721245 0.035380229 -0.245504677 0.011409881 0.021631006 -0.020407639 0.004167210 0.999549091
1724939727.287390471 0.033640854 -0.269141048 0.009806091 0.030964421 -0.020183900 0.006323803 0.999296665
1724939727.420726538 0.041297920 -0.333992183 -0.007490017 0.042863995 -0.025839891 0.003595260 0.998740256
1724939727.487393618 0.047818482 -0.361142904 -0.018711887 0.043134559 -0.031228902 -0.001290004 0.998580277
1724939727.620724916 0.059489604 -0.413037628 -0.041410070 0.033609584 -0.036736201 -0.002812748 0.998755693
1724939727.754052877 0.083065554 -0.456779927 -0.057227414 0.024648849 -0.052060209 0.012363885 0.998263121
1724939727.887377977 0.100348175 -0.510668576 -0.088075116 0.013921997 -0.061941743 0.017592061 0.997827649
1724939727.954039335 0.101302892 -0.532898843 -0.101827323 0.004432597 -0.074610166 0.012802945 0.997120738
1724939728.020699978 0.118116997 -0.547823310 -0.116547845 -0.004689390 -0.093741916 0.006633471 0.995563388
1724939728.087359667 0.144927338 -0.539415240 -0.107611872 -0.004864388 -0.106729582 -0.001364134 0.994275272
1724939728.154018641 0.178424776 -0.543204486 -0.097659774 0.000781547 -0.108258009 -0.007510629 0.994094133
1724939728.220718145 0.193335235 -0.551934838 -0.111117534 0.009503141 -0.097020976 -0.011156643 0.995174468
1724939728.287544250 0.201138824 -0.557594121 -0.123174816 0.013807666 -0.089794062 -0.012403532 0.995787382
1724939728.488028526 0.231315851 -0.572528899 -0.136201739 0.014367817 -0.110420957 -0.016234549 0.993648469
1724939728.554859638 0.237207785 -0.580785155 -0.142812818 0.021182751 -0.107068434 -0.020652967 0.993811429
1724939728.688524246 0.247145832 -0.605443835 -0.157163113 0.026332378 -0.114995584 -0.023282347 0.992743969
1724939728.755358458 0.260713458 -0.605412006 -0.157421649 0.026662720 -0.127075672 -0.023490174 0.991256356
1724939728.955868721 0.300537705 -0.595091999 -0.139767066 0.025689280 -0.162054271 -0.016716655 0.986305773
1724939729.056127787 0.332807451 -0.589121521 -0.109069444 0.030741710 -0.160092980 -0.019505627 0.986430287
1724939729.122968674 0.351873755 -0.597006738 -0.098372072 0.035482306 -0.158782005 -0.018758642 0.986497521
1724939729.223231316 0.373317450 -0.604652941 -0.080144219 0.041079614 -0.164518103 -0.018702608 0.985340834
1724939729.356712818 0.412776858 -0.615542829 -0.054006822 0.036900818 -0.177781135 -0.023872832 0.983088136
1724939729.490179300 0.458249927 -0.591737986 0.001389064 0.037410744 -0.198190391 -0.034632891 0.978836894
1724939729.623645544 0.494987696 -0.605552256 0.035909932 0.037388865 -0.184831962 -0.043006983 0.981116533
1724939729.757111311 0.516952991 -0.622406006 0.071557902 0.028890630 -0.203074858 -0.041047361 0.977875829
1724939729.923943520 0.534039676 -0.627812684 0.124888256 0.030770093 -0.226291522 -0.030639192 0.973091304
1724939730.057409286 0.543414712 -0.630229652 0.167993113 0.037599713 -0.234995127 -0.029781159 0.970812380
1724939730.157508373 0.546368599 -0.629447579 0.198513031 0.039558310 -0.240636006 -0.030837659 0.969318628
1724939730.257607460 0.548472762 -0.623089552 0.241067410 0.044500273 -0.244064987 -0.034314692 0.968129396
1724939730.391175747 0.543193161 -0.639939010 0.275288612 0.040194102 -0.246293575 -0.032844868 0.967804253
1724939730.491379738 0.540193141 -0.639106750 0.311773539 0.028303465 -0.265939057 -0.031186132 0.963069499
1724939730.591584921 0.540339887 -0.619914234 0.351854920 0.029286178 -0.269610167 -0.037003879 0.961812556
1724939730.792001247 0.539859772 -0.636230886 0.417220056 0.041454833 -0.265401363 -0.030156648 0.962774277
1724939730.925616026 0.543832839 -0.647151947 0.453036368 0.042273622 -0.290926367 -0.024830043 0.955488503
1724939731.059233904 0.553846657 -0.647811830 0.491147280 0.048136033 -0.311731398 -0.032749251 0.948384941
1724939731.159449100 0.567186415 -0.649914861 0.514336586 0.050123099 -0.333257794 -0.042527370 0.940541506
1724939731.326387405 0.596442699 -0.650821328 0.554610491 0.050452638 -0.360018611 -0.057707053 0.929790854
1724939731.426332235 0.619175553 -0.649672389 0.570844531 0.043903206 -0.380886137 -0.063589811 0.921387374
1724939731.592899323 0.659387231 -0.646797001 0.596840739 0.032439325 -0.404079199 -0.079043657 0.910724938
1724939731.826078415 0.700351357 -0.653786421 0.616911530 0.017972300 -0.425677180 -0.089406490 0.900268018
1724939731.959315538 0.716237962 -0.654664099 0.615642548 0.006283612 -0.443388164 -0.093362063 0.891431987
1724939732.092546701 0.729226410 -0.651498854 0.619657874 -0.000399296 -0.461680293 -0.096260339 0.881807923
1724939732.359170675 0.742326975 -0.648606479 0.612092793 -0.010713450 -0.479948074 -0.103364080 0.871120512
1724939732.659714699 0.743394673 -0.645834029 0.609872460 -0.013906928 -0.486164957 -0.102626123 0.867708623
1724939733.027061224 0.736120462 -0.637410343 0.619422257 -0.011650304 -0.487581998 -0.107401438 0.866367698
1724939733.294231653 0.724020123 -0.644154787 0.617718458 -0.004387103 -0.479191184 -0.097215392 0.872299075
1724939733.494077444 0.713966370 -0.639175713 0.619048417 0.002893216 -0.466066539 -0.084666148 0.880684614
1724939733.693907738 0.698677540 -0.644175947 0.599415541 0.004333274 -0.453662664 -0.075664230 0.887945056
1724939733.960324287 0.673322737 -0.642341971 0.563281834 0.018837038 -0.427391618 -0.066719256 0.901404500
1724939734.826197147 0.562700033 -0.621037245 0.346657872 0.020165661 -0.345507026 -0.030802971 0.937693655
1724939735.526070595 0.621172905 -0.589535773 0.159530461 0.019470988 -0.298188686 -0.019063419 0.954117894
1724939735.926723957 0.636098862 -0.579245806 0.079822324 0.037580479 -0.243843272 -0.025985360 0.968737841
1724939736.093665361 0.623345673 -0.573746264 0.046441343 0.055008397 -0.193172291 -0.026268847 0.979269385
1724939736.260608912 0.619392514 -0.570005596 0.001913829 0.061374452 -0.152398154 -0.009603778 0.986364961
1724939736.527104139 0.576538324 -0.553058743 -0.098912165 0.051959373 -0.097087972 -0.008910462 0.993878663
1724939736.726890802 0.553881049 -0.531741977 -0.163487539 0.036898687 -0.055360544 -0.011476775 0.997718394
1724939737.692989349 0.622014701 -0.474997908 -0.284722775 -0.002872699 0.029074529 -0.017962800 0.999411702
1724939738.393126488 0.622862101 -0.462313712 -0.285592616 -0.019795837 0.042821564 -0.035473980 0.998256505
1724939738.992596626 0.670497537 -0.476871848 -0.205460981 0.006627791 0.038777601 -0.022742238 0.998967052
1724939739.392208815 0.639238000 -0.505911052 -0.145804957 0.018315164 0.033129234 -0.030109538 0.998829544
1724939739.791880369 0.703704238 -0.521413922 -0.027591260 -0.007490322 -0.020164313 -0.036646061 0.999096751
1724939739.991693258 0.677753210 -0.534200966 -0.006937349 -0.018140981 -0.080905490 -0.043179799 0.995620787
1724939740.124893665 0.615199089 -0.521246076 -0.028869608 -0.020060625 -0.103463732 -0.047494613 0.993296087
1724939740.224789143 0.591546178 -0.539190590 -0.019695804 -0.025136741 -0.138783649 -0.044880580 0.988985837
1724939740.324727535 0.660537362 -0.552151203 0.020138642 -0.026799683 -0.198422611 -0.038954724 0.978975356
1724939740.558304787 0.681428552 -0.528334260 0.072827622 -0.023801643 -0.250507534 -0.021279875 0.967588067
1724939741.992454052 0.450367391 -0.575233459 0.587737203 0.014219191 -0.337928802 -0.013041618 0.940973878
1724939742.225589275 0.400720745 -0.573572755 0.718622208 0.028273368 -0.365242541 -0.030701665 0.929976344
1724939742.592238665 0.338203073 -0.593109488 0.858173072 0.042397831 -0.384773195 -0.034176175 0.921403289
1724939742.825737476 0.301994026 -0.584364712 0.931632936 0.041709322 -0.372161984 -0.041167222 0.926315904
1724939743.025885582 0.261272758 -0.586136281 0.989981532 0.042997424 -0.350627661 -0.044831775 0.934452534
1724939743.226039886 0.203622639 -0.585640609 1.057042122 0.057341136 -0.318622887 -0.063795507 0.943992376
1724939743.426159620 0.131826937 -0.596134186 1.120602131 0.056395054 -0.300897568 -0.050871044 0.950627387
1724939743.659394741 0.052046835 -0.612311125 1.193737626 0.080982417 -0.252613306 -0.034377683 0.963559330
1724939743.859297991 -0.006163679 -0.634052455 1.213679552 0.051731206 -0.253332525 -0.012989026 0.965907812
1724939744.092504025 -0.052469797 -0.629676998 1.248253703 0.026971944 -0.260733962 -0.035752691 0.964371324
1724939744.292381763 -0.079087518 -0.626402378 1.289430737 0.017499415 -0.236950591 -0.062703110 0.969338179
1724939744.525772810 -0.123305418 -0.615527630 1.350194216 0.001245665 -0.211074725 -0.069114245 0.975022674
1724939744.725962639 -0.166579813 -0.607817590 1.398500919 0.028686387 -0.154231831 -0.066894531 0.985350072
1724939744.926161289 -0.214336708 -0.619094968 1.424901724 0.023743656 -0.135316670 -0.056693029 0.988894105
1724939745.126369238 -0.276398391 -0.612739444 1.444554687 0.014632535 -0.095064729 -0.066725567 0.993124545
1724939745.359955311 -0.349747419 -0.613407671 1.459663630 0.020049782 -0.023131063 -0.053788807 0.998082995
1724939745.527041435 -0.413476765 -0.613403440 1.468469262 0.012676832 0.022196105 -0.039813112 0.998880148
1724939745.727632046 -0.490979075 -0.609053791 1.476873994 0.015567906 0.088164695 -0.036324173 0.995321631
1724939745.894805670 -0.553563833 -0.610908806 1.489370227 0.021047367 0.125766799 -0.036748949 0.991155505
1724939746.061992168 -0.601618171 -0.611463904 1.504037142 0.018490545 0.151793882 -0.034040824 0.987652779
1724939746.195751190 -0.638323247 -0.608844340 1.525534272 0.016843975 0.175172985 -0.034590699 0.983785629
1724939746.329518557 -0.669016838 -0.605405390 1.546853304 0.022519903 0.206377044 -0.037068833 0.977510750
1724939746.463291883 -0.696198106 -0.604357541 1.560775638 0.028441031 0.225400567 -0.031879012 0.973329067
1724939746.630527496 -0.732123435 -0.601770341 1.577964067 0.022592518 0.254990488 -0.017955964 0.966512799
1724939746.864689350 -0.788711309 -0.602684557 1.594672799 0.003913184 0.289940983 -0.020630928 0.956814110
1724939747.199271202 -0.898214936 -0.600559950 1.579863310 0.007294649 0.358063012 -0.008573046 0.933629572
1724939747.500029087 -1.001463890 -0.580995202 1.563371658 0.005450165 0.386431575 0.005494469 0.922285676
1724939747.766615629 -1.069272995 -0.571190834 1.547543883 -0.004942469 0.401719213 0.003945641 0.915741086
1724939748.066504240 -1.112563968 -0.555555701 1.499583960 -0.010566369 0.376947016 0.006404475 0.926152468
1724939748.466574907 -1.135428667 -0.573844075 1.371369720 -0.013809112 0.345324308 0.002918137 0.938377321
1724939748.700705528 -1.135029316 -0.583390594 1.273987174 -0.025208985 0.376797944 -0.001218540 0.925951600
1724939749.135618210 -1.155225992 -0.580421865 1.136963844 -0.019684996 0.443292052 0.000234018 0.896161020
1724939749.736791849 -1.266124964 -0.555727601 1.114119649 -0.003032086 0.467722744 -0.014854922 0.883745253
1724939750.236832142 -1.322137833 -0.571424425 1.094839215 -0.003322546 0.430736423 -0.037373643 0.901697516
1724939750.636790514 -1.267014384 -0.558553338 0.961201191 -0.025733808 0.371262401 -0.032009937 0.927619219
1724939751.069940805 -1.230444431 -0.577409506 0.846075892 -0.037662346 0.372142553 -0.037461217 0.926654279
1724939751.703714848 -1.269948959 -0.571764410 0.748777449 -0.039051879 0.371227115 -0.041490607 0.926792264
1724939752.238976955 -1.151056051 -0.625601411 0.727881312 -0.020687316 0.358776540 -0.028988350 0.932743847
1724939752.773250580 -1.062430501 -0.639453888 0.713437974 -0.029614815 0.348690897 -0.015812157 0.936636329
1724939753.639516115 -1.102713823 -0.618925512 0.877598226 -0.015532748 0.416030407 0.018161137 0.909036696
1724939754.172634363 -1.147454739 -0.677606106 0.957804739 -0.048438538 0.407340705 0.022510694 0.911712945
1724939754.705729008 -1.125434875 -0.736731768 0.947830737 -0.097615689 0.437647253 0.020630427 0.893594146
1724939755.205514431 -1.153026104 -0.717490196 0.946409881 -0.101845577 0.477213025 0.035371721 0.872149110
1724939755.738613367 -1.202999234 -0.707499862 0.960338473 -0.100978084 0.530895114 0.052044127 0.839788795
1724939756.138451338 -1.245731711 -0.669722378 1.033111334 -0.098770939 0.528045356 0.056790136 0.841538668
1724939757.371688128 -1.280831337 -0.612271786 0.976622224 -0.031388663 0.490378737 0.018627893 0.870744824
1724939758.673784971 -1.239314556 -0.603719592 1.353273153 0.001094995 0.461208999 0.013590255 0.887186766
1724939758.973621607 -1.220004559 -0.593979120 1.433404803 0.000388599 0.473540187 0.021423174 0.880511582
1724939759.306740761 -1.183939219 -0.583177447 1.526275039 -0.012447809 0.472814471 0.007379387 0.881043196
1724939759.573233604 -1.147039652 -0.581518114 1.588639736 -0.010652394 0.469390869 0.006327965 0.882903576
1724939759.839768410 -1.101400375 -0.589178443 1.637093186 -0.000095305 0.512620151 -0.000031937 0.858615518
1724939760.072968245 -1.072624445 -0.579753935 1.684134960 0.011269839 0.551168799 -0.006701090 0.834290743
1724939760.339461565 -1.082459927 -0.567541659 1.734935284 -0.004010567 0.563658357 -0.010235512 0.825934887
1724939760.572646141 -1.114848733 -0.557896078 1.784955263 -0.017121509 0.565696657 0.003554708 0.824428082
1724939760.872491360 -1.164586544 -0.554795742 1.847579598 -0.039048426 0.565230668 0.030520234 0.823442876
1724939761.105685234 -1.204664826 -0.551067710 1.871510029 -0.045704577 0.583905041 0.037013739 0.809688747
1724939761.405480862 -1.256928205 -0.542278826 1.877844572 -0.054458775 0.620204926 0.038792778 0.781585038
1724939761.939120531 -1.310348868 -0.531274021 1.858514428 -0.075530149 0.620448530 0.048758157 0.779077291
1724939762.172674417 -1.323614240 -0.525161088 1.821429968 -0.083032526 0.631593883 0.052876793 0.769024670
1724939762.439605713 -1.348323345 -0.525112867 1.760280848 -0.095407665 0.635726690 0.060793504 0.763579130
1724939762.706557035 -1.354333758 -0.520605445 1.700151324 -0.106902443 0.662560403 0.066299446 0.738369823
1724939762.940156221 -1.354452968 -0.523087621 1.687244296 -0.107491173 0.674492121 0.077966422 0.726241887
1724939763.173769712 -1.367689848 -0.521022201 1.707774878 -0.099332146 0.692926407 0.074229836 0.710264802
1724939763.440773964 -1.394048572 -0.523012102 1.761560917 -0.089191362 0.720154643 0.073610701 0.684107959
1724939763.740861416 -1.425418258 -0.511543214 1.827906370 -0.089556307 0.734347343 0.100963011 0.665221870
1724939764.074178219 -1.433447719 -0.510940731 1.897009015 -0.096272878 0.754246473 0.105586007 0.640855193
1724939764.407474756 -1.451674223 -0.519639373 1.928365231 -0.094389357 0.772499740 0.099067941 0.620096982
1724939764.708189249 -1.455449581 -0.517604351 1.935484290 -0.075080715 0.793510675 0.101280890 0.595353603
1724939765.410981417 -1.448451161 -0.531254172 1.936375976 -0.044086464 0.815015078 0.078394234 0.572416961
1724939765.911548853 -1.450415134 -0.545331001 1.929282188 -0.027181162 0.834271252 0.044181079 0.548908651
1724939766.178303242 -1.458392143 -0.553396344 1.923526883 -0.011514561 0.841715336 0.024921432 0.539223313
1724939766.411709547 -1.463372946 -0.557532787 1.918896079 -0.004098635 0.844850957 0.014492273 0.534789860
1724939766.645324945 -1.467197418 -0.571745217 1.917453170 0.007112697 0.844529510 0.001068457 0.535460711
1724939767.079676628 -1.473015308 -0.585817575 1.919807196 0.023809884 0.847827911 -0.029654916 0.528905988
1724939767.380409002 -1.472603559 -0.581192493 1.926705599 0.025892345 0.843136728 -0.036351886 0.535843909
1724939768.181565762 -1.484061837 -0.581029773 1.889811039 0.014304726 0.843484759 -0.017661970 0.536672175
1724939768.415199280 -1.485838771 -0.580484927 1.857870936 0.004216832 0.829819620 -0.016720200 0.557765365
1724939768.715767622 -1.489311695 -0.589110792 1.755096674 0.007698555 0.827479839 -0.012382546 0.561306119
1724939769.049903870 -1.490219355 -0.605751753 1.611117363 -0.004085253 0.813841522 -0.030567689 0.580268085
1724939769.384068966 -1.488773108 -0.615138650 1.485724330 -0.009455589 0.786050320 -0.037146982 0.616972923
1724939769.784444571 -1.495039463 -0.626255631 1.372592926 -0.011935640 0.780062616 -0.038588069 0.624396384
1724939770.151006699 -1.505335212 -0.618274808 1.249986172 -0.001130718 0.786774337 -0.016440915 0.617020786
1724939770.384256363 -1.534368634 -0.623654068 1.163497925 0.005255838 0.779814482 -0.001173262 0.625987530
1724939770.717488527 -1.583400249 -0.608136535 1.014057159 -0.001443764 0.759850144 0.003090506 0.650089324
1724939771.017409325 -1.640369654 -0.612519264 0.890489399 -0.027242582 0.722333074 0.030559765 0.690332472
1724939771.517229319 -1.628521204 -0.593939960 0.735110104 -0.015409447 0.686781168 0.013197011 0.726581037
1724939771.917133331 -1.595548630 -0.600795746 0.671175778 -0.029666428 0.664507747 0.028843662 0.746134996
1724939772.383648157 -1.607054710 -0.615945518 0.578369677 -0.049789425 0.580813587 0.019472022 0.812279224
1724939772.916833878 -1.622784615 -0.616014004 0.477412939 -0.046811204 0.522493958 0.013744402 0.851246059
1724939773.583396673 -1.618761778 -0.620456159 0.416666329 -0.046741467 0.537226081 0.008925080 0.842094839
1724939774.218992710 -1.592247486 -0.603717268 0.358312666 -0.036707900 0.579421401 0.007204754 0.814169228
1724939774.453230381 -1.561928868 -0.598987579 0.321746886 -0.018850293 0.599541426 0.011058619 0.800045311
1724939774.886891127 -1.501612425 -0.616992831 0.255976498 -0.006289653 0.625634849 0.002782557 0.780085742
1724939775.186805487 -1.466316342 -0.628688872 0.220874667 0.000817157 0.660744309 0.005968290 0.750586987
1724939775.486698866 -1.453278899 -0.642172575 0.173002720 0.005616731 0.681070030 0.001411387 0.732195377
1724939775.920275688 -1.400845647 -0.597679377 0.079668641 0.010455734 0.683511794 -0.025289016 0.729426324
1724939776.387260437 -1.339928746 -0.699425519 -0.172508478 -0.019393174 0.680681705 -0.017114837 0.732122540
1724939776.920655012 -1.249761701 -0.735611200 -0.182031751 -0.009064377 0.690282404 -0.010881038 0.723401487
1724939777.587031364 -1.229454279 -0.666537642 -0.435492635 -0.020242978 0.669867873 -0.000527952 0.742204130
1724939778.120185852 -1.144468784 -0.831114173 -0.518022180 -0.081748679 0.664402068 0.002729699 0.742886007
1724939778.553325891 -1.061388969 -0.934522808 -0.544589520 -0.068306044 0.679724395 0.045600485 0.728855073
1724939778.686608791 -1.012121201 -0.996641874 -0.490013003 -0.085589573 0.711784840 0.057438329 0.694793224
1724939779.219763756 -0.999675632 -0.947941542 -0.741994977 -0.051953364 0.683434129 0.068629369 0.724919856
1724939779.686387300 -1.001093626 -0.955565691 -0.843353510 -0.042536948 0.687165439 0.054275528 0.723220944
1724939780.488107204 -0.967522323 -1.023211002 -0.969752252 -0.050509535 0.655438840 0.061236672 0.751065075
1724939780.821897507 -0.929719508 -1.047649860 -1.030634284 -0.100007422 0.642456055 0.074973859 0.756060541
1724939782.722411633 -1.215230107 -0.817277908 -1.154183507 -0.102219298 0.653575540 0.015124517 0.749774277
1724939783.623418331 -1.349708080 -0.760143399 -1.160918951 -0.086331874 0.688620329 0.029075146 0.719377160
1724939783.956730366 -1.387188435 -0.739178538 -1.101216912 -0.064730003 0.728159368 0.047140878 0.680714190
1724939784.623289585 -1.453839183 -0.689100981 -1.010691404 -0.038364697 0.756021023 0.031366199 0.652668774
1724939784.923669338 -1.497652650 -0.660700321 -0.998684764 -0.055811640 0.728430867 0.046575062 0.681252003
1724939785.557893515 -1.565980911 -0.617765665 -1.010199666 -0.039399210 0.767599940 0.037627421 0.638609588
1724939786.058073044 -1.631443977 -0.583183825 -0.998257518 -0.019726126 0.790242374 0.009567006 0.612402141
1724939786.324775934 -1.671559334 -0.576363206 -1.004486322 -0.011270429 0.809618294 0.014324366 0.586673677
1724939786.591469049 -1.667593241 -0.555702329 -1.002993941 -0.005889820 0.823712051 0.011611210 0.566858888
1724939786.891517401 -1.678119540 -0.540871024 -1.001614571 -0.008565038 0.832005858 0.017948491 0.554410219
1724939787.758282661 -1.669536710 -0.533255637 -1.024667740 0.001335444 0.864682972 0.033291139 0.501211762
1724939787.958317041 -1.671857357 -0.534894586 -1.034046888 0.000875668 0.873670995 0.037920281 0.485036373
1724939788.191683531 -1.676368713 -0.535908580 -1.045846581 -0.000827032 0.887260497 0.034042347 0.460010082
1724939788.458378792 -1.682020903 -0.532826781 -1.046749711 -0.001183568 0.896035910 0.028927652 0.443036705
1724939789.058460712 -1.692631960 -0.522572100 -1.061494112 0.000466871 0.910215497 0.039181393 0.412277013
1724939789.959793806 -1.583291173 -0.530624509 -1.103354931 0.000487838 0.932476699 0.044517893 0.358476132
1724939790.261024237 -1.521781206 -0.523695529 -1.085654140 -0.006970345 0.941236913 0.047007840 0.334387183
1724939790.595808744 -1.506131291 -0.537883401 -1.074419022 -0.010597736 0.951852620 0.048096709 0.302573979
1724939790.862660646 -1.503414750 -0.549183249 -1.027322412 -0.008985886 0.964354813 0.029725648 0.262784034
1724939791.162698507 -1.484682918 -0.550148487 -0.950084448 -0.006447747 0.962248683 0.042210806 0.268801421
1724939791.496058941 -1.481898904 -0.571756423 -0.881954670 -0.001293784 0.955551624 0.042116456 0.291797310
1724939791.829535484 -1.486233950 -0.581320226 -0.820303321 0.003430203 0.944382071 0.042557031 0.326066852
1724939792.129743814 -1.490428805 -0.627274692 -0.805564940 -0.000027856 0.927998006 0.042190719 0.370188773
1724939792.429957390 -1.497281313 -0.692213714 -0.834062099 -0.006593878 0.920123219 0.046415597 0.388812870
1724939792.763469458 -1.482181668 -0.713187575 -0.847194552 -0.035785697 0.898404956 0.053286627 0.434452057
1724939793.096878529 -1.462614775 -0.708247662 -0.823612213 -0.046624217 0.866750062 0.051263466 0.493905455
1724939793.430274010 -1.480908275 -0.725424290 -0.800584555 -0.033544809 0.829439044 0.045671314 0.555715561
1724939793.963720560 -1.485396624 -0.724162579 -0.748901010 -0.029801112 0.790742278 0.058476146 0.608620703
1724939794.797221661 -1.474798799 -0.723660827 -0.673572898 -0.011203138 0.725360334 0.100490347 0.680902839
1724939796.799204588 -1.489364743 -0.698551416 -0.670473218 -0.017763725 0.829980731 0.084377863 0.551087081
1724939797.266090155 -1.522716045 -0.679039180 -0.648853421 -0.006282770 0.861393750 0.097299427 0.498491913
1724939797.666270018 -1.557061672 -0.661770999 -0.639833093 -0.002081785 0.886530101 0.111446552 0.449043214
1724939797.966417551 -1.575939178 -0.653698206 -0.628401279 0.006954049 0.908670425 0.105856396 0.403812051
1724939798.299908876 -1.600362539 -0.629246116 -0.612644315 0.016101180 0.927796960 0.099531271 0.359203517
1724939798.900189400 -1.637958527 -0.623059332 -0.606059849 0.013484818 0.942989886 0.103988037 0.315871418
1724939799.467115879 -1.649929643 -0.617403209 -0.576078713 0.016316393 0.949695170 0.112692341 0.291741878
1724939799.833952188 -1.675039530 -0.600253820 -0.575713336 0.007593167 0.957484961 0.125803098 0.259496570
1724939800.167440891 -1.695845246 -0.583945036 -0.573060274 0.005110224 0.963609755 0.134367719 0.231031552
1724939800.500922918 -1.710625291 -0.556623518 -0.598487496 0.001966002 0.968201935 0.149692342 0.200432941
1724939800.934463263 -1.693989038 -0.548345923 -0.592463851 -0.022395577 0.972844601 0.142142147 0.181293905
1724939802.435169220 -1.694194555 -0.538510323 -0.582094908 -0.011755099 0.974563777 0.123873815 0.186393484
1724939802.701957464 -1.682085395 -0.550048053 -0.560065508 -0.012584203 0.971203268 0.114156902 0.208743989
1724939802.935404301 -1.690952539 -0.557813466 -0.579202354 -0.010052185 0.965212584 0.102438152 0.240354255
1724939803.168847799 -1.690537214 -0.577183366 -0.576518834 0.021278305 0.962618232 0.079284027 0.258122951
1724939803.569029331 -1.693191648 -0.579242826 -0.564304650 0.067650937 0.952536941 0.066296242 0.289312363
1724939804.936337233 -1.723843932 -0.533916593 -0.611875176 0.037389278 0.963535190 0.100212343 0.245274335
1724939805.269825935 -1.717864513 -0.543027520 -0.649761319 0.015270060 0.972338080 0.097443432 0.211731642
1724939805.603308916 -1.671365142 -0.548890173 -0.664781094 0.033007167 0.962387860 0.121520415 0.240734249
1724939806.071809053 -1.611672401 -0.541162670 -0.625421286 0.042182729 0.957576215 0.137291536 0.249839053
1724939806.373165846 -1.535581231 -0.558929145 -0.554648101 0.022497632 0.966553569 0.149018258 0.207513034
1724939806.741151094 -1.481036663 -0.559741139 -0.446744412 0.043203540 0.972201526 0.138594240 0.183709964
1724939807.107993603 -1.456332922 -0.576590478 -0.407912672 0.027045285 0.975643933 0.115157314 0.184733108
1724939808.143015146 -1.471952319 -0.597558975 -0.343337238 0.000317423 0.973245740 0.064811386 0.220436305
1724939808.577680588 -1.456798911 -0.603216767 -0.174494624 0.010247787 0.976467431 0.053619128 0.208641693
1724939808.944640398 -1.451755762 -0.630009830 -0.080740452 0.012473807 0.968948722 0.060434915 0.239437908
1724939809.311395407 -1.457966805 -0.643932045 -0.045354605 -0.006846299 0.958995581 0.051411536 0.278634995
1724939809.711581945 -1.466311693 -0.670909822 -0.001479030 -0.030916847 0.944711268 0.039882716 0.323997140
1724939810.112620831 -1.469633818 -0.695941985 0.106837869 -0.028333019 0.933457136 0.024344340 0.356738657
1724939810.547136784 -1.465889454 -0.695472956 0.278652191 -0.017883172 0.922859013 0.045335241 0.382042110
1724939811.080997229 -1.453722835 -0.732122779 0.387080908 -0.029148195 0.907263398 0.058900602 0.415396512
1724939812.247749090 -1.418076634 -0.800856292 0.546979189 -0.026016507 0.882626653 0.038547579 0.467768580
1724939812.714359999 -1.358196378 -0.822061718 0.660222530 -0.019108083 0.881576896 0.055314332 0.468398750
1724939813.181010008 -1.278281212 -0.866815090 0.723510385 -0.023058817 0.892457545 0.062101282 0.446241260
1724939813.714275837 -1.148213029 -0.861597896 0.762882590 -0.013895581 0.899496138 0.054737743 0.433263630
1724939814.447608471 -0.997908056 -0.905856073 0.813968182 -0.015468418 0.913055658 0.029197492 0.406494409
1724939814.980920076 -0.912804842 -0.876548767 0.873229265 -0.019297825 0.929468870 0.056778859 0.363993585
1724939815.514216900 -0.819124043 -0.875512004 0.938983202 -0.000279338 0.947347581 0.104587920 0.302644938
1724939816.214198112 -0.741238415 -0.861047506 0.927620292 -0.000401307 0.962068200 0.104185015 0.252131283
1724939816.880836010 -0.582488894 -0.866504073 0.905237913 -0.015123238 0.965735734 0.072349638 0.248779744
1724939817.480821133 -0.525395274 -0.861456275 0.887804389 -0.021304268 0.977750540 0.059289645 0.200087115
1724939818.014137506 -0.446307898 -0.854032040 0.904669523 -0.018980497 0.989312947 0.062188040 0.130507842
1724939818.480779409 -0.368942797 -0.842750549 0.935757399 0.000461357 0.992832005 0.069273338 0.097394347
1724939818.914096117 -0.324278355 -0.822000980 0.948787212 0.005988972 0.992922425 0.091205880 0.075833701
1724939819.314094782 -0.280641675 -0.817643642 0.927862763 -0.001693810 0.993990242 0.102377459 0.038722526
1724939819.714065313 -0.221997738 -0.796601653 0.889733195 0.006046400 0.994866133 0.100630663 0.008851537
1724939820.114068508 -0.180812210 -0.803499818 0.836344779 -0.029063024 -0.994533956 -0.091630399 0.040761456
1724939820.480712414 -0.137526035 -0.793428183 0.796169937 -0.013638143 -0.991561592 -0.092872262 0.089411058
1724939820.947829962 -0.088570535 -0.784024954 0.735984087 -0.010395844 -0.984905899 -0.106927887 0.135715902
1724939821.315379143 -0.040669799 -0.780892372 0.686073124 -0.022807484 -0.978347659 -0.112379044 0.172298133
1724939821.716380596 0.007360935 -0.764347494 0.637920916 -0.034970686 -0.967189491 -0.114966348 0.223839790
1724939822.116870165 0.044159770 -0.751001179 0.608454525 -0.038717177 -0.957303345 -0.122147180 0.259135783
1724939822.584102631 0.063011110 -0.734732389 0.552879572 -0.048979044 -0.947640002 -0.116669923 0.293202370
1724939822.984318495 0.077917904 -0.720895708 0.487675965 -0.054025292 -0.935318470 -0.112424329 0.331091285
1724939823.417627096 0.079649478 -0.709189653 0.425610423 -0.065731212 -0.919266880 -0.112298585 0.371506304
1724939823.750918388 0.105542272 -0.709646285 0.381275535 -0.063643910 -0.908486128 -0.115024239 0.396701157
1724939824.118075371 0.159216344 -0.713000476 0.330438256 -0.063549384 -0.896635294 -0.123723581 0.420356065
1724939824.418508291 0.231928363 -0.715892851 0.292685270 -0.068175472 -0.896721601 -0.119173340 0.420761406
1724939824.785697222 0.316618532 -0.698925614 0.252312839 -0.059070405 -0.911106646 -0.111430123 0.392401338
1724939825.152448654 0.364417821 -0.676701427 0.225360096 -0.034886952 -0.919281721 -0.082698263 0.383229703
1724939825.519184351 0.380212307 -0.663211286 0.164076507 -0.022262337 -0.919695258 -0.047092143 0.389162421
1724939825.919473171 0.399257243 -0.655459523 0.072514236 -0.007480504 -0.915033281 -0.000738129 0.403308302
1724939826.286732912 0.397603035 -0.643020272 0.015279710 0.009579251 -0.899224043 -0.009686093 0.437276304
1724939826.654042721 0.417509913 -0.644118845 -0.052972108 0.014283700 -0.864555061 -0.003433445 0.502323389
1724939826.920989037 0.439657956 -0.645443857 -0.120275974 -0.003978226 -0.845632195 -0.005616551 0.533721685
1724939827.187808275 0.454244345 -0.654201448 -0.204115093 -0.004592297 -0.838042498 -0.009868869 0.545496404
1724939827.487978458 0.455405444 -0.646908581 -0.268626809 -0.031691354 -0.839461744 -0.012748018 0.542344153
1724939827.788144350 0.460189253 -0.653578699 -0.307529539 -0.021280074 -0.817028522 -0.005382974 0.576179266
1724939828.088286161 0.452674240 -0.652570486 -0.351557583 -0.016195398 -0.795023561 0.026060393 0.605802059
1724939828.621858120 0.427058011 -0.639256954 -0.455698699 -0.043171544 -0.754950762 0.026247753 0.653832257
1724939828.855296850 0.439274877 -0.634800553 -0.507733345 -0.042707995 -0.753287673 0.003580130 0.656293333
1724939829.355530024 0.463174969 -0.624468267 -0.590605676 -0.042735718 -0.733865619 -0.012576295 0.677832484
1724939829.855756283 0.496427298 -0.646020174 -0.726895452 -0.065328419 -0.678520977 -0.002839789 0.731664836
1724939830.356001139 0.459322989 -0.675306082 -0.833280921 -0.068206556 -0.646152198 0.007241720 0.760120213
1724939830.856234550 0.319240928 -0.717402160 -0.882019401 -0.060368579 -0.642161787 -0.007545672 0.764151096
1724939831.356463432 0.145556152 -0.737277746 -0.910614371 -0.052388079 -0.650658071 -0.026416935 0.757100940
1724939831.890033722 -0.007554471 -0.821960211 -0.959018648 -0.063639037 -0.619593620 -0.048616279 0.780826688
1724939833.024513245 -0.171768129 -0.805730700 -0.813391864 -0.042282432 -0.649170935 -0.050154604 0.757808566
1724939833.525984764 -0.219253540 -0.855846524 -0.745471835 -0.048860710 -0.650613189 -0.066674896 0.754897058
1724939834.793595791 -0.042082906 -0.875792027 -0.725721657 -0.041763116 -0.669493437 -0.082503073 0.737039804
1724939835.293723345 0.047025293 -0.851298809 -0.649568319 -0.037664395 -0.650846183 -0.075407356 0.754516065
1724939836.627348900 0.140033841 -0.784500360 -0.299928725 -0.000491653 -0.705784261 -0.079817913 0.703915775
1724939837.428490162 0.221428201 -0.835428357 -0.298560560 -0.016379068 -0.732329845 -0.068392858 0.677308738
1724939838.029882431 0.171164095 -0.864058375 -0.307548881 -0.037331846 -0.718094468 -0.067876279 0.691620886
1724939840.765895605 0.043085277 -0.775842011 -0.628019333 -0.071960419 -0.632349491 -0.037583642 0.770417631
1724939841.400917530 0.016980469 -0.760092199 -0.792865336 -0.058818035 -0.566806376 -0.040610269 0.820744634
1724939842.035408497 0.067082912 -0.782221377 -0.942016602 -0.092680886 -0.513539732 -0.056083903 0.851200223
1724939843.535406828 0.045572564 -0.986144483 -0.722392499 -0.072079793 -0.483218729 -0.072329909 0.869524300
1724939843.968708754 -0.033775046 -1.057843924 -0.723923683 -0.087902069 -0.472648084 -0.057847254 0.874946177
1724939844.601998329 -0.013352633 -1.149800420 -0.706102610 -0.089841612 -0.474936038 -0.021167440 0.875166357
1724939845.035302401 0.101901047 -1.132484198 -0.619626820 -0.060498085 -0.440301567 -0.055138223 0.894110978
1724939845.468621731 0.219616562 -1.113704085 -0.505035877 -0.048494365 -0.402146280 -0.077845819 0.910970211
1724939845.968842745 0.315564513 -1.075885177 -0.472364306 -0.053316697 -0.394304156 -0.114358440 0.910276771
1724939846.670561075 0.332226276 -0.997904301 -0.580588520 -0.074656777 -0.351933748 -0.104344748 0.927189946
1724939847.570889950 0.372566253 -0.937642574 -0.703450918 -0.085135676 -0.330379516 -0.082110539 0.936407626
1724939848.204834700 0.432464540 -0.883866131 -0.703493118 -0.063907184 -0.301570177 -0.082945563 0.947676837
1724939848.705966711 0.468883902 -0.822478235 -0.701577544 -0.064409666 -0.290031552 -0.076696806 0.951761901
1724939849.473551273 0.549957573 -0.754527569 -0.713913202 -0.055931553 -0.284427285 -0.050167281 0.955748975
1724939850.174594164 0.649117589 -0.699733794 -0.666229486 -0.036884367 -0.337485552 -0.043601066 0.939596713
1724939850.308222294 0.706101775 -0.698922515 -0.638234794 -0.030837426 -0.312144071 -0.039979007 0.948692143
1724939850.709129810 0.761454463 -0.644330680 -0.548291683 -0.029683055 -0.307135969 -0.035961911 0.950522602
1724939851.076098204 0.770446539 -0.615422726 -0.450974345 -0.047685400 -0.311467558 -0.033693224 0.948461294
1724939851.442577362 0.767232776 -0.619605839 -0.319853902 -0.041359182 -0.333670586 -0.028570734 0.941348553
1724939852.042503595 0.754080117 -0.631150901 -0.153356686 -0.030464236 -0.331493735 -0.027229425 0.942572236
1724939852.409781933 0.766232550 -0.654085100 -0.022917360 -0.008251817 -0.400443137 -0.016937632 0.916127861
1724939852.676901579 0.801417112 -0.677502513 0.074234903 -0.001074752 -0.460111976 -0.026582710 0.887462258
1724939853.576995134 0.703410566 -0.667877197 0.286232561 0.001405547 -0.615412116 -0.029788911 0.787641168
1724939854.210145473 0.529619455 -0.651006699 0.508275509 -0.006181468 -0.691724300 -0.039931212 0.721030354
1724939854.877339125 0.383748651 -0.648036778 0.777037621 0.007585504 -0.783286095 -0.063704029 0.618342221
1724939855.510509968 0.147101521 -0.634438276 0.903893530 0.047915768 -0.825974703 -0.069375254 0.557366192
1724939856.076853752 -0.084350705 -0.601680219 1.016991377 0.009619191 -0.878248930 -0.057337388 0.474656492
1724939856.276766062 -0.175467610 -0.594608128 1.077359080 0.010713318 -0.903329015 -0.070248626 0.423021376
1724939856.843120813 -0.467178345 -0.530259311 1.193936348 0.007860229 -0.930307508 -0.088723779 0.355800867
1724939857.344249010 -0.706550598 -0.559282422 1.248162031 0.044831064 -0.935700893 -0.063719206 0.344084144
1724939857.745673895 -0.897223592 -0.549359441 1.294807196 0.039011493 -0.941547453 -0.061965477 0.328826457
1724939858.279785156 -1.159361124 -0.530762315 1.392241478 0.056285921 -0.961728573 -0.035868183 0.265750796
1724939858.946146965 -1.194820642 -0.575531662 1.541673064 0.019578893 -0.981690168 -0.003603997 0.189441413
1724939859.346845150 -1.214835286 -0.547751188 1.625969172 0.014634934 -0.994450986 -0.036227878 0.097676151
1724939859.881255627 -1.314663172 -0.568111062 1.772152543 0.026668618 -0.999624312 -0.004720278 0.004220111
1724939859.981461525 -1.333560705 -0.559349239 1.820010543 -0.036930278 0.998706460 0.003868284 0.034735762
1724939860.581059217 -1.421330571 -0.577103436 2.008381128 -0.042603783 0.994039178 -0.006293956 0.100156970
1724939861.180602074 -1.435482383 -0.572201073 2.234666109 -0.035886198 0.993164539 0.012484865 0.110365391
1724939862.146753311 -1.513057351 -0.570509851 2.484396458 -0.030667620 0.990174234 -0.014089208 0.135705590
1724939862.747179270 -1.514750242 -0.569080114 2.640447855 -0.031927258 0.983453631 0.029052697 0.175941944
1724939863.513784170 -1.553766489 -0.578093112 2.880017519 -0.019176286 0.991634667 0.042156208 0.120481901
1724939864.147047997 -1.612425327 -0.549542904 3.036836863 -0.036088072 0.987404525 0.054824226 0.143959403
1724939864.882401228 -1.619342685 -0.581610143 3.220449209 -0.045773342 0.987585664 0.025561541 0.148074374
1724939865.450411558 -1.568441153 -0.596871316 3.373597145 -0.017315840 0.990450919 0.000409421 0.136773422
1724939866.018276215 -1.640545607 -0.598917425 3.482985497 -0.002762007 0.994424045 0.013998830 0.104485288
1724939866.519794464 -1.702624321 -0.586921632 3.594554424 -0.010497443 0.994197667 0.023552824 0.104431875
1724939867.388286352 -1.682278991 -0.585210025 3.737081051 -0.007235636 0.994078219 0.019417958 0.106673166
1724939868.087839603 -1.753009677 -0.570500791 3.811830044 -0.006690973 0.988888741 0.025550354 0.146292508
1724939868.521425009 -1.874946117 -0.556481004 3.810248852 -0.018260704 0.973276734 0.016731355 0.228296056
1724939869.121774912 -1.997293949 -0.545906484 3.780380249 -0.041464314 0.959376991 0.040547702 0.276102096
1724939869.788169146 -2.056122303 -0.533740759 3.812568665 -0.032905772 0.957668245 0.036887962 0.283598512
1724939870.355171442 -2.202001810 -0.525250018 3.805232286 -0.051646728 0.919093728 0.040367007 0.388548404
1724939870.889612436 -2.286256552 -0.548547089 3.841081142 -0.048224442 0.899891317 0.029217860 0.432453901
1724939871.423965931 -2.313168526 -0.519082308 3.896232605 -0.042089362 0.880503178 0.073808767 0.466363609
1724939871.958247900 -2.333756208 -0.517271578 3.935292959 -0.043472093 0.869563520 0.068200909 0.487153143
1724939872.458814859 -2.394907951 -0.520906925 3.884014606 -0.036062829 0.859470963 0.046252590 0.507808864
1724939872.992533922 -2.466197014 -0.513018429 3.820038795 -0.034290787 0.857424617 0.042849183 0.511674821
1724939873.492762566 -2.493214369 -0.527370334 3.824130774 -0.047335505 0.820679963 0.043573096 0.567754388
1724939873.659482002 -2.501565933 -0.519731224 3.825648308 -0.050753396 0.809283853 0.039656218 0.583875954
1724939874.226305246 -2.526332855 -0.523416162 3.819599390 -0.046628434 0.782700181 0.038869783 0.619431496
1724939875.058915615 -2.503920078 -0.518583059 3.815077066 -0.040411994 0.770149648 0.049277186 0.634671688
1724939875.325515985 -2.472564697 -0.522736967 3.831967592 -0.051158763 0.770766556 0.042636812 0.633627534
1724939875.358867407 -2.477998018 -0.525712609 3.838552952 -0.050520483 0.767963946 0.044444513 0.636948824
1724939875.625684977 -2.430888891 -0.525476456 3.869333982 -0.051632911 0.756376088 0.042609151 0.650702477
1724939875.792450190 -2.377015114 -0.523296118 3.880673885 -0.052886095 0.745567918 0.044507463 0.662835300
1724939875.859157324 -2.364002705 -0.506840706 3.893538952 -0.057281017 0.749374926 0.033698279 0.658802330
1724939876.192700148 -2.262082100 -0.529078841 3.947067022 -0.035519771 0.762309492 0.021460023 0.645880818
1724939877.258679152 -1.973924637 -0.549089372 3.996933699 -0.017298223 0.776645064 0.006396240 0.629668415
1724939878.458530903 -1.658181190 -0.576965570 3.957164526 -0.009756254 0.837256491 -0.002983642 0.546715319
1724939878.759072065 -1.533841133 -0.577146113 3.993237972 0.006553624 0.856383622 -0.013108668 0.516132057
1724939878.959438086 -1.455287933 -0.587729275 4.011950493 0.019657589 0.862323046 -0.000033899 0.505976856
1724939879.126413107 -1.401318073 -0.590401053 4.020958900 0.015841303 0.864755392 0.007151666 0.501892447
1724939879.226512432 -1.366398811 -0.599126220 4.017603874 0.018977575 0.862635076 0.016518973 0.505200684
1724939879.459667444 -1.287735939 -0.595833421 3.994042397 0.013676714 0.857758641 0.008676565 0.513797522
1724939879.726105452 -1.225317478 -0.614643872 3.986062527 0.016724952 0.852688134 -0.006715310 0.522109270
1724939880.693580627 -1.237992287 -0.610300004 4.000149727 0.010622124 0.831681669 0.000732674 0.555150628
1724939880.793847322 -1.254104614 -0.606768429 4.009407520 0.004728418 0.825953662 0.005698503 0.563689411
1724939880.860694647 -1.266292095 -0.611436248 4.020793915 0.000954009 0.819605768 0.011465285 0.572812378
1724939880.927542925 -1.302862644 -0.607986271 4.056046009 -0.006886757 0.809805632 0.018493004 0.586366177
1724939881.027819633 -1.299867630 -0.589191556 4.038675308 -0.021651048 0.789266825 0.022777235 0.613245666
1724939881.495102882 -1.395633698 -0.568252504 3.999364853 -0.012301682 0.795191884 0.012284710 0.606108606
1724939882.662496805 -1.634964705 -0.565834343 3.722801208 -0.034606848 0.768774867 0.011616590 0.638476789
1724939883.096179247 -1.592314959 -0.579102337 3.610521555 -0.037560239 0.750993848 0.014735640 0.659075379
1724939883.229587793 -1.596766233 -0.578612745 3.592420340 -0.027728729 0.740742028 0.008077599 0.671168566
1724939883.362880707 -1.601789951 -0.581116498 3.568171024 -0.017015122 0.728310645 0.002576296 0.685030997
1724939883.462847233 -1.601607323 -0.590765595 3.549411058 -0.008065486 0.711709023 0.000752775 0.702427685
1724939883.562811136 -1.621550798 -0.589901924 3.540233612 -0.007293498 0.700219095 -0.002635425 0.713885903
1724939883.662772417 -1.626918316 -0.584909260 3.515613079 -0.016535087 0.681415915 -0.006855112 0.731677532
1724939883.796050549 -1.649721861 -0.588319957 3.503201962 -0.029168891 0.660408974 -0.011742429 0.750247478
1724939883.896005869 -1.628418922 -0.579594493 3.474598169 -0.040998474 0.648605883 -0.021394635 0.759718239
1724939883.995958805 -1.630415201 -0.593111515 3.466219187 -0.044205289 0.637709439 -0.020918731 0.768723011
1724939884.095908880 -1.631353378 -0.585401654 3.451088667 -0.044253025 0.622258604 -0.018483559 0.781341314
1724939884.262501478 -1.613503933 -0.581976593 3.438562870 -0.037643429 0.613262296 -0.022527864 0.788660228
1724939884.429106236 -1.599126339 -0.580613196 3.426458836 -0.026527550 0.610421598 -0.021125620 0.791350424
1724939884.595703363 -1.578211784 -0.562352121 3.419412374 -0.030288221 0.616659462 -0.018413527 0.786431551
1724939885.761838913 -1.145576239 -0.573224366 3.351667166 -0.012070133 0.637182653 -0.003275512 0.770611346
1724939886.028373480 -1.044273376 -0.579980373 3.316847324 -0.021523815 0.619757235 -0.022640234 0.784171641
1724939886.194948435 -1.014613628 -0.592090070 3.295755386 -0.009841958 0.617301285 -0.025063744 0.786265910
1724939886.295046806 -1.005256891 -0.587264895 3.286736488 -0.013538121 0.607994080 -0.021022368 0.793547750
1724939886.428514957 -0.982558727 -0.571685731 3.277195215 -0.019988161 0.613634884 -0.018255861 0.789125741
1724939886.695463896 -0.964361429 -0.577262461 3.270313978 -0.037905302 0.616262138 -0.003383709 0.786621094
1724939886.828944683 -0.957653522 -0.571712554 3.278310299 -0.050124221 0.606041670 0.005009463 0.793836236
1724939886.995801449 -0.948341370 -0.554942846 3.293421507 -0.066843957 0.603547156 0.015016672 0.794378519
1724939887.062546015 -0.943761826 -0.549448788 3.299402475 -0.073829897 0.607668698 0.017152557 0.790565431
1724939887.429651260 -0.923363447 -0.537419200 3.373436928 -0.099509738 0.629757404 0.026024152 0.769952059
1724939887.529776096 -0.920200109 -0.538112640 3.398874760 -0.102973565 0.636499047 0.036163062 0.763516724
1724939887.663280487 -0.917787075 -0.531958938 3.424867630 -0.102177605 0.638055801 0.055793736 0.761138380
1724939887.763412237 -0.887137890 -0.526847243 3.423048019 -0.106038265 0.634870946 0.072951518 0.761822045
1724939888.464914322 -0.897880793 -0.519223452 3.471830845 -0.102252290 0.640017927 0.074616186 0.757861376
1724939888.966721535 -0.913758755 -0.547128856 3.478301764 -0.056076743 0.638887405 0.054192156 0.765337586
1724939889.167488575 -0.892333508 -0.542240858 3.486122131 -0.040545151 0.628142178 0.030371767 0.776447713
1724939890.802303314 -0.893885851 -0.563302636 3.523998022 0.010312162 0.609887660 -0.001635595 0.792419195
1724939891.936566591 -0.854919434 -0.529473305 3.552060366 -0.058679048 0.622896433 0.038756251 0.779137194
1724939892.969598532 -0.895542145 -0.532129526 3.386437178 -0.053734276 0.583400071 0.033507094 0.809712470
1724939893.102883339 -0.919132948 -0.513571441 3.341297626 -0.054829430 0.563792884 0.030576406 0.823526800
1724939893.236164331 -0.941271663 -0.523565769 3.280937195 -0.057610173 0.533358097 0.034581393 0.843216658
1724939893.336145401 -0.951952338 -0.523319006 3.266618013 -0.064262062 0.514853537 0.035364032 0.854134440
1724939893.436124325 -0.931861281 -0.505218625 3.264802456 -0.072687991 0.503715456 0.032252584 0.860201776
1724939893.536100864 -0.929123282 -0.520443201 3.263032675 -0.080531143 0.498445690 0.029041730 0.862683773
1724939893.636074781 -0.928108096 -0.517564356 3.262594938 -0.076786533 0.497820795 0.031622950 0.863295019
1724939893.769369841 -0.933162808 -0.544596434 3.258477211 -0.075443707 0.501065373 0.022692267 0.861815989
1724939893.869338274 -0.942212224 -0.523793936 3.252856970 -0.064790845 0.508293092 0.012652831 0.858650208
1724939893.969304562 -1.001149893 -0.528154910 3.220666409 -0.059128925 0.506684244 0.006401362 0.860077858
1724939894.069267988 -1.103923082 -0.503501892 3.182615995 -0.054024987 0.492423624 0.010507673 0.868613780
1724939894.169229507 -1.103042126 -0.515269279 3.171337605 -0.057204541 0.475211233 0.019648679 0.877790332
1724939894.269221306 -1.094481587 -0.494074047 3.182179213 -0.062449232 0.466550291 0.016923014 0.882125020
1724939894.369457006 -1.072116137 -0.491775632 3.189620018 -0.065368265 0.457560420 0.014009394 0.886661887
1724939894.436344385 -1.128248692 -0.498417944 3.159219265 -0.063140512 0.449365556 0.016961066 0.890952408
1724939894.503235102 -1.148893237 -0.496495426 3.137075663 -0.059857335 0.437232882 0.019001644 0.897153020
1724939894.637025118 -1.165272951 -0.531908154 3.144745350 -0.071231619 0.434080034 0.020142391 0.897827923
1724939895.005010128 -1.186516404 -0.539892197 3.097033501 -0.082183868 0.442481190 0.009760881 0.892950714
1724939895.105385303 -1.188302279 -0.531778216 3.067567587 -0.082199082 0.456819057 0.005134341 0.885738850
1724939895.239229679 -1.179969072 -0.505638242 3.039593697 -0.080864906 0.464275986 0.012064723 0.881908834
1724939895.506120920 -1.175722003 -0.481489360 2.966608524 -0.079314016 0.445936859 0.025993703 0.891164362
1724939895.606100798 -1.163981676 -0.464341909 2.923375368 -0.076751076 0.423365831 0.030237727 0.902195275
1724939895.772729158 -1.162067294 -0.491629303 2.913591623 -0.088864997 0.393813342 0.016934570 0.914728045
1724939895.872703314 -1.165781379 -0.507645428 2.891381502 -0.096460357 0.395587832 0.007507409 0.913317740
1724939896.105967045 -1.184239030 -0.505284905 2.879993200 -0.090502076 0.405301720 0.010395617 0.909632802
1724939896.239255190 -1.204571247 -0.495862722 2.857221603 -0.076591581 0.407660127 0.012896249 0.909824491
1724939896.339268446 -1.219984412 -0.516034126 2.867636681 -0.070940085 0.408960670 0.009093866 0.909745038
1724939896.472750664 -1.251332760 -0.500003397 2.827212334 -0.053939924 0.415894866 0.011954874 0.907732964
1724939896.539493561 -1.265097141 -0.481693268 2.797915459 -0.049678206 0.407435834 0.013828007 0.911776781
1724939896.706356287 -1.298951149 -0.518549323 2.781499386 -0.067893989 0.397743553 0.009499654 0.914931834
1724939896.839851618 -1.325614214 -0.487837970 2.766761303 -0.069065660 0.401199847 0.008465999 0.913343847
1724939896.973351479 -1.333813787 -0.524221063 2.779611826 -0.080718204 0.405338198 0.008837039 0.910553396
1724939897.173610449 -1.342336416 -0.537168145 2.764050722 -0.068595357 0.452140838 0.013542579 0.889201880
1724939897.407126665 -1.320320010 -0.527591050 2.777257442 -0.065000474 0.466962129 0.026174176 0.881496549
1724939897.640465736 -1.298089266 -0.523092806 2.814167023 -0.061319411 0.487360448 0.031801511 0.870464504
1724939897.873795033 -1.268149018 -0.542806625 2.851435184 -0.067165367 0.512985408 0.035308249 0.855036914
1724939898.107114792 -1.253526449 -0.537584126 2.885195255 -0.045727145 0.550819337 0.021181840 0.833101690
1724939898.407101870 -1.268643618 -0.513208330 2.917191505 -0.029473353 0.565842152 0.010081476 0.823924899
1724939898.740441561 -1.229266405 -0.520233095 2.967326641 -0.011528040 0.602964997 -0.000974559 0.797683716
1724939899.107093096 -1.181056261 -0.539521694 3.071778297 0.028871527 0.635382891 -0.002492653 0.771653354
1724939899.540418863 -1.172138691 -0.550869107 3.148691416 0.037997633 0.654285669 -0.016302619 0.755116343
1724939901.440409660 -1.544512033 -0.576621473 3.336763620 0.039510958 0.635708749 -0.046155471 0.769534230
1724939902.240386724 -1.794723034 -0.580983162 3.288389921 0.001317565 0.576314092 -0.047244925 0.815860450
1724939902.707062960 -1.985824108 -0.566920459 3.277085781 0.011605592 0.618807435 -0.037270714 0.784572244
1724939902.973725080 -2.135641336 -0.548296571 3.284815550 0.019446298 0.624235570 -0.005238290 0.780976534
1724939903.240375280 -2.256826639 -0.535016596 3.285117388 0.000132008 0.638614058 -0.001785347 0.769525111
1724939903.873712778 -2.460247517 -0.513645113 3.184840679 -0.025763744 0.624820471 -0.011831982 0.780253589
1724939904.507287502 -2.629296541 -0.492049366 3.147085190 -0.047227778 0.614583194 0.002399689 0.787433326
1724939904.807718515 -2.705554247 -0.477475435 3.173271179 -0.058481973 0.590906739 0.019466307 0.804381847
1724939904.974637270 -2.759917498 -0.470236927 3.166966200 -0.068665892 0.571879983 0.034474220 0.816731155
1724939905.541897535 -2.852834225 -0.476588249 3.189683676 -0.072840728 0.578490615 0.039142668 0.811486781
1724939905.808628082 -2.894136190 -0.472998559 3.165926456 -0.077946194 0.564992964 0.042241812 0.820318818
1724939906.042011023 -2.904078245 -0.470254660 3.151776552 -0.079361111 0.537062168 0.055880263 0.837940037
1724939906.242048025 -2.886266708 -0.471313119 3.148682833 -0.072382838 0.530340195 0.054519117 0.842928052
1724939906.542436361 -2.843110085 -0.474646717 3.122444630 -0.067630313 0.505906403 0.048998937 0.858536005
1724939906.742775917 -2.795325756 -0.488029242 3.104069948 -0.068804882 0.480430782 0.035131771 0.873623431
1724939906.943131208 -2.747646093 -0.499026716 3.074559450 -0.076377332 0.450501353 0.027657727 0.889072597
1724939907.243693352 -2.668505907 -0.501198530 3.039901733 -0.085267834 0.409917712 0.016232571 0.907983184
1724939907.343838930 -2.654768467 -0.491069436 3.030532122 -0.085475035 0.403442532 0.004769775 0.910991430
1724939907.477239847 -2.623981476 -0.489277661 3.019557476 -0.085653767 0.411715776 -0.004710707 0.907265902
1724939907.543939590 -2.614558935 -0.483622313 3.026052475 -0.083852217 0.424418449 -0.009592193 0.901524127
1724939907.777387619 -2.589769602 -0.493023694 3.009019136 -0.084430531 0.453806907 0.000549834 0.887091041
1724939907.977483511 -2.567055225 -0.509194255 3.026313543 -0.077452883 0.481922269 0.003219970 0.872778118
1724939908.244274616 -2.530286074 -0.523609459 3.082322121 -0.067857236 0.514128149 0.009804013 0.854968727
1724939908.544421434 -2.491119385 -0.521351457 3.165326118 -0.057349280 0.559066892 0.008562218 0.827092469
1724939908.744518518 -2.482399702 -0.519135296 3.210825682 -0.045153998 0.571687400 0.014935251 0.819091856
1724939908.944613457 -2.480941534 -0.509782672 3.232219219 -0.035152677 0.592418134 0.019287752 0.804632246
1724939909.378150940 -2.479269028 -0.492906868 3.246214390 -0.035690669 0.606913209 0.043646190 0.792765796
1724939910.311964273 -2.467386961 -0.478089899 3.226584673 -0.052952334 0.592141390 0.054536689 0.802240908
1724939910.512774467 -2.451636791 -0.480043977 3.197550058 -0.063677222 0.578343034 0.048026450 0.811885476
1724939910.814053774 -2.399975538 -0.473400414 3.138965368 -0.073758908 0.555094838 0.044506978 0.827314019
1724939911.048435211 -2.345698357 -0.497295856 3.108063221 -0.089782201 0.527390420 0.031410903 0.844281852
1724939911.416403294 -2.302293539 -0.474322170 3.055633068 -0.122313052 0.494367421 0.029844252 0.860087037
1724939911.716547728 -2.269068956 -0.470914721 3.064795494 -0.139277861 0.477270931 0.026037319 0.867257893
1724939911.949990034 -2.272714138 -0.478547513 3.052900314 -0.144545257 0.463710785 0.025940552 0.873731196
1724939912.216776848 -2.282303333 -0.477908909 3.043764830 -0.149173304 0.436486542 0.032107759 0.886676908
1724939912.517380238 -2.287530661 -0.476725459 3.041983843 -0.156130746 0.420157135 0.035011236 0.893233120
1724939912.717954397 -2.289640427 -0.479340315 3.045128107 -0.158911854 0.412475288 0.035364259 0.896303833
1724939912.985409737 -2.305525303 -0.477519274 3.047698736 -0.162129030 0.388116449 0.039180290 0.906391025
1724939913.386449337 -2.313606501 -0.472739160 3.055254459 -0.170681655 0.354285657 0.046794765 0.918237269
1724939913.519816399 -2.309672832 -0.475276470 3.058404207 -0.173934385 0.346980512 0.048273578 0.920337439
1724939913.653181076 -2.309010983 -0.477424324 3.061022282 -0.173427626 0.339017779 0.047048219 0.923458874
1724939913.853224516 -2.312075138 -0.475388139 3.060271502 -0.166299000 0.328679860 0.039989773 0.928824544
1724939914.720076323 -2.294309139 -0.468474060 3.043522120 -0.161929220 0.321071059 0.043604974 0.932089567
1724939914.853439569 -2.294487715 -0.471022606 3.041072369 -0.161657229 0.327292383 0.037999682 0.930216491
1724939914.953460217 -2.293248177 -0.469624043 3.039620161 -0.160165682 0.332210034 0.034541875 0.928865075
1724939915.320194006 -2.278417349 -0.480173796 3.022717476 -0.153678700 0.352727830 0.037630431 0.922252595
1724939916.387094259 -2.265680790 -0.498203874 3.015648603 -0.098091796 0.412141174 0.027716890 0.905400157
1724939916.620493650 -2.265384674 -0.505412102 3.022707939 -0.084111840 0.445109874 0.011864647 0.891437948
1724939916.987251997 -2.263867378 -0.523780525 3.039312840 -0.062282551 0.470931441 -0.002375280 0.879965305
1724939917.320656061 -2.256585598 -0.521634817 3.044917583 -0.034403853 0.486567199 -0.007724734 0.872931302
1724939917.687418938 -2.267122746 -0.521273732 3.020696640 -0.024260595 0.480271816 -0.000580740 0.876783967
1724939918.054165840 -2.278611183 -0.519072831 3.004215717 -0.051082693 0.462831289 0.008486549 0.884932637
1724939918.287541866 -2.274424314 -0.513816774 3.012787819 -0.069322154 0.461686969 0.009397095 0.884280145
1724939918.487590313 -2.278420687 -0.508388519 3.011869431 -0.078846000 0.452237964 0.012498016 0.888317525
1724939918.720977306 -2.281789780 -0.501150131 3.009428263 -0.099792525 0.443713576 0.017470146 0.890423834
1724939918.954357386 -2.281357765 -0.488484710 3.016200781 -0.124430791 0.430524796 0.025287062 0.893602788
1724939919.287746191 -2.288661957 -0.470249176 3.028881073 -0.154344603 0.420219630 0.026942965 0.893793762
1724939919.421111107 -2.297769070 -0.469155908 3.035568476 -0.165043578 0.405543655 0.032897927 0.898450136
1724939919.554477215 -2.289890766 -0.470211804 3.030775309 -0.176329881 0.389051288 0.041551385 0.903227806
1724939919.754522800 -2.288888931 -0.468509316 3.037922144 -0.188754573 0.372682631 0.050171796 0.907172620
1724939920.087920904 -2.304814816 -0.473602653 3.047622204 -0.186815187 0.345011264 0.044322304 0.918750703
1724939920.454660416 -2.307803631 -0.461980999 3.057331324 -0.187373802 0.309885085 0.036986917 0.931393743
1724939921.521556854 -2.189912796 -0.446802467 3.173147440 -0.192582935 0.211412206 0.019583398 0.958036125
1724939921.788286924 -2.132158518 -0.450039923 3.222714186 -0.191602722 0.181557029 0.011141945 0.964469433
1724939922.055008650 -2.075050116 -0.439204514 3.271354437 -0.195172653 0.144916788 -0.005299400 0.969989002
1724939922.355064392 -1.980145335 -0.427655697 3.297439337 -0.188441202 0.084815547 -0.023308737 0.978137493
1724939922.655142307 -1.880124211 -0.432393432 3.288613796 -0.198322102 0.029023254 -0.042494122 0.978785098
1724939922.988550186 -1.808621287 -0.438982487 3.264963388 -0.187538087 0.005023729 -0.051870946 0.980873942
1724939923.288606405 -1.790084839 -0.437128931 3.256701946 -0.166730836 -0.015398941 -0.041357547 0.985014379
1724939923.855408907 -1.780929089 -0.451853156 3.244486332 -0.137300223 -0.029482499 -0.053079035 0.988666832
1724939925.122344732 -1.788384914 -0.479834884 3.236534357 -0.101882190 -0.008545326 -0.024070425 0.994468510
1724939925.622459888 -1.786157966 -0.482347190 3.252895832 -0.074928120 -0.015435905 -0.019415898 0.996880412
1724939926.089232922 -1.780627728 -0.482225418 3.270718575 -0.062928684 -0.019803653 -0.023198500 0.997551799
1724939927.724516153 -1.781474113 -0.497205555 3.519205809 -0.051586568 -0.006836076 -0.023924183 0.998358548
1724939927.957959414 -1.784649134 -0.501867115 3.616334200 -0.023892460 0.018057799 -0.022377076 0.999300957
1724939928.291444540 -1.763978839 -0.504419446 3.759660006 -0.031951100 0.011516511 -0.016288007 0.999290407
1724939928.558542252 -1.722206712 -0.507067621 3.934391737 -0.028334130 -0.032569882 -0.022254283 0.998819888
1724939928.792315483 -1.686686516 -0.516884565 4.057820797 -0.022912623 -0.078023270 -0.039009809 0.995924532
1724939929.059513807 -1.656763792 -0.536968887 4.170346260 -0.006141858 -0.078249998 -0.053155676 0.995496750
1724939929.360099554 -1.648187518 -0.536217093 4.287660122 0.002990905 -0.078482337 -0.062029906 0.994979322
1724939929.693669319 -1.653429866 -0.540615678 4.437102318 0.012899389 -0.050129779 -0.062684499 0.996690154
1724939929.927168369 -1.645876050 -0.545344889 4.531907082 0.021314440 -0.035068035 -0.040298663 0.998344600
1724939930.227380514 -1.629026890 -0.547402740 4.651442528 0.015848011 -0.026618807 -0.042876225 0.998600006
1724939930.460884571 -1.601532102 -0.549960256 4.751366138 0.019005058 -0.050667264 -0.049020037 0.997330785
1724939930.694392681 -1.554519176 -0.560569942 4.850605011 0.022910861 -0.037871920 -0.059781943 0.997229636
1724939930.927900791 -1.525667191 -0.557849705 4.945225239 0.007025799 -0.051191397 -0.061921764 0.996742606
1724939931.161409616 -1.515049577 -0.549746692 5.069418430 0.006114324 -0.045794614 -0.063705698 0.996898770
1724939931.428505182 -1.520378590 -0.553133965 5.227558136 0.011942462 -0.039515499 -0.057735968 0.997478068
1724939931.662563324 -1.526694059 -0.563531041 5.363471031 0.027283112 -0.004716031 -0.054921757 0.998106718
1724939931.896645784 -1.535886645 -0.564410448 5.464901447 0.024898414 -0.005502575 -0.050596885 0.998393595
1724939932.164198160 -1.532538891 -0.553501785 5.592111588 0.002506637 -0.017976630 -0.035218786 0.999214828
1724939932.398132324 -1.497465491 -0.558341682 5.716287136 -0.007734851 -0.015918260 -0.049797900 0.998602509
1724939932.664928675 -1.466937304 -0.566875339 5.852414608 -0.003576637 -0.014816474 -0.045539394 0.998846292
1724939932.898372173 -1.459266305 -0.569417655 5.973440170 -0.008024521 -0.014132631 -0.048593253 0.998686433
1724939933.131812334 -1.460194826 -0.568597198 6.087076187 -0.011500077 -0.022284519 -0.044071589 0.998713613
1724939933.465300798 -1.464025617 -0.572172105 6.255702019 -0.008404812 0.011145954 -0.021379625 0.999673963
1724939933.798793554 -1.434349656 -0.570451379 6.374232292 -0.017388901 0.018882055 -0.028516408 0.999263704
1724939934.132279873 -1.364278555 -0.571603358 6.506032467 -0.015543301 -0.018032376 -0.048096180 0.998558998
1724939934.465766668 -1.286889076 -0.577662110 6.604393959 -0.020483727 -0.056307901 -0.056337953 0.996612191
1724939934.832605124 -1.237440109 -0.580613375 6.688963413 -0.026774717 -0.082863949 -0.059038945 0.994450152
1724939935.132739782 -1.205934048 -0.585318089 6.776924133 -0.040160656 -0.099917002 -0.050751228 0.992888749
1724939935.432877064 -1.190488219 -0.602511764 6.873095512 -0.029973045 -0.131375358 -0.049776036 0.989628434
1724939935.733023643 -1.188563585 -0.628052652 6.941313744 -0.022809159 -0.192966193 -0.051156152 0.979605436
1724939936.033165216 -1.179543853 -0.645955503 7.005068302 -0.040060051 -0.242038995 -0.051907882 0.968048513
1724939936.233256817 -1.155086756 -0.654338360 7.039182663 -0.033569675 -0.262860000 -0.063553937 0.962153077
1724939936.400157928 -1.121796608 -0.649066091 7.056955338 -0.034892205 -0.289841115 -0.068597645 0.953975379
1724939936.467015743 -1.103234529 -0.652764082 7.059499741 -0.041649807 -0.300304621 -0.072462022 0.950174570
1724939936.567305565 -1.079865217 -0.660748959 7.076348305 -0.052460361 -0.312034220 -0.081409253 0.945121706
1724939936.701031923 -1.052916050 -0.664950609 7.112064362 -0.057188716 -0.322165936 -0.088350393 0.940814972
1724939936.834765196 -1.023248911 -0.671358585 7.134299278 -0.055105362 -0.336998254 -0.103936493 0.934126735
1724939936.968505383 -1.001877785 -0.662591279 7.154641628 -0.061965466 -0.350852281 -0.115658611 0.927192569
1724939937.135690212 -0.998883128 -0.653031349 7.188264370 -0.070199497 -0.380963266 -0.109211996 0.915429831
1724939937.336324930 -0.989564180 -0.679973602 7.233520508 -0.089686714 -0.421560168 -0.115323432 0.894954622
1724939937.836831331 -0.978667974 -0.700283289 7.336192131 -0.068763249 -0.440459281 -0.122772515 0.886675894
1724939938.037035227 -0.943292379 -0.727218270 7.374773026 -0.083329439 -0.480980784 -0.107887343 0.866068184
1724939938.404077530 -0.872777700 -0.835467815 7.440823555 -0.104300514 -0.500823736 -0.115426719 0.851453781
1724939938.905302048 -0.828913212 -0.892333627 7.437203407 -0.099118665 -0.483529717 -0.124553040 0.860732853
1724939939.406649590 -0.783589125 -0.986140251 7.381057262 -0.125952035 -0.454975605 -0.127053320 0.872347891
1724939939.740057707 -0.758902550 -1.013055086 7.366221428 -0.126653731 -0.441438645 -0.109517060 0.881530941
1724939940.706608057 -0.667048931 -1.050845623 7.409574032 -0.123707540 -0.473063499 -0.125155106 0.863274932
1724939941.739837646 -0.564328432 -1.037861705 7.422262192 -0.135100052 -0.478222936 -0.135500371 0.857140839
1724939942.673072815 -0.516297817 -1.001545668 7.352650642 -0.113687664 -0.507721961 -0.136462197 0.843013406
1724939943.006368876 -0.490960121 -0.977006674 7.287488937 -0.087910213 -0.517974257 -0.151281804 0.837310135
1724939943.206336021 -0.460111618 -0.974613667 7.262942314 -0.082791053 -0.539110780 -0.142649636 0.825927556
1724939943.672946215 -0.426932812 -0.972622633 7.240061760 -0.090959236 -0.567027986 -0.139435291 0.806699097
1724939943.906260252 -0.423713207 -0.971311569 7.236612320 -0.097334899 -0.589571178 -0.142683789 0.789033055
1724939944.339529753 -0.440174103 -0.949082851 7.206497192 -0.102308027 -0.610823512 -0.145781770 0.771476090
1724939945.539390564 -0.484347343 -0.940474749 7.192497253 -0.091342829 -0.596117139 -0.159674466 0.781540096
1724939946.605929613 -0.762873888 -0.873989463 7.224604607 -0.082836799 -0.537135601 -0.136146680 0.828304052
1724939947.305852413 -1.022327662 -0.864725232 7.184317112 -0.092507996 -0.485868424 -0.111318976 0.861964226
1724939947.939811945 -1.201895833 -0.842478156 7.131445885 -0.110614292 -0.417044729 -0.083901398 0.898219764
1724939948.573895216 -1.394919872 -0.761736095 7.182491302 -0.092681497 -0.342632055 -0.060353506 0.932936728
1724939949.173973083 -1.520702243 -0.721962214 7.179582596 -0.092648543 -0.295799881 -0.036400933 0.950049341
1724939949.774045944 -1.673847914 -0.665319562 7.108863354 -0.086519167 -0.200782418 -0.009900978 0.975757539
1724939950.307433128 -1.732524276 -0.622471869 7.114569187 -0.087739825 -0.144254103 -0.000142785 0.985643208
1724939950.907511950 -1.735990286 -0.609863281 7.217571735 -0.086232066 -0.124006666 0.010989979 0.988466322
1724939952.107649326 -1.762539029 -0.590724230 7.250879288 -0.066981450 -0.115769982 -0.019196818 0.990829110
1724939952.741469383 -1.837116361 -0.570461869 7.246529102 -0.074690036 -0.096394353 -0.017103069 0.992389560
1724939953.375892639 -1.880421519 -0.579488873 7.235211849 -0.068603918 -0.099244252 -0.026118416 0.992351711
1724939955.211675882 -1.535469532 -0.589416444 6.872944832 -0.101475075 -0.044803143 -0.042224545 0.992931366
1724939957.046664476 -1.383794785 -0.717232049 6.373666286 -0.102959670 0.020454686 -0.044951733 0.993458748
1724939958.249501228 -1.408816457 -0.794730544 6.335644245 -0.114910163 0.082515262 0.013951224 0.989844561
1724939958.850374460 -1.400262475 -0.811466932 6.329222679 -0.102670565 0.133660600 -0.013652393 0.985599935
1724939959.250558376 -1.408491373 -0.814525187 6.328550339 -0.068578340 0.173525125 -0.031678569 0.981927991
1724939959.984238863 -1.392130136 -0.783736467 6.385616779 -0.061609913 0.213319287 -0.019015664 0.974852562
1724939960.451118708 -1.343922377 -0.786313653 6.514754772 -0.043517165 0.238230079 -0.037264768 0.969517410
1724939960.751264572 -1.325999260 -0.767030299 6.588910103 -0.012171009 0.254339337 -0.018355900 0.966864228
1724939961.084754229 -1.310331225 -0.769585073 6.669148445 -0.010289230 0.292121708 -0.021115953 0.956092656
1724939961.384889364 -1.341343880 -0.762307346 6.753781319 -0.004987731 0.302487642 -0.014464475 0.953030527
1724939961.685036659 -1.373845816 -0.747047246 6.833474636 0.005226183 0.324132085 -0.004127356 0.945988417
1724939961.985182762 -1.379891396 -0.732348979 6.881706715 -0.006020025 0.352834970 0.010670417 0.935605347
1724939962.418719053 -1.336390972 -0.748601198 6.926201820 -0.004378217 0.409071058 -0.009749012 0.912439942
1724939962.785564899 -1.329665899 -0.748374403 6.984740257 0.010063769 0.442709327 -0.022172470 0.896334529
1724939963.419191599 -1.376110554 -0.737504482 7.049406052 -0.022603128 0.493053168 -0.012711326 0.869612634
1724939963.719337463 -1.414395094 -0.732900918 7.096789837 -0.017231708 0.529755116 -0.012900766 0.847877443
1724939964.052827835 -1.483500957 -0.727745652 7.142700195 -0.021350821 0.535965979 -0.006039152 0.843948007
1724939964.319615602 -1.493215561 -0.722746134 7.140170574 -0.017053260 0.576189220 -0.002751685 0.817133784
1724939964.553056955 -1.524917603 -0.730418921 7.137236595 -0.006183153 0.622402370 -0.006202754 0.782648444
1724939965.586870193 -1.567857265 -0.740811467 7.117062569 0.032427359 0.634075344 -0.010229896 0.772523284
1724939966.854137421 -1.331089497 -0.755257726 7.048038006 0.025220653 0.601330400 -0.027607458 0.798125029
1724939967.087578297 -1.249441147 -0.734149575 7.011606693 0.023613101 0.594065249 -0.057742141 0.801994324
1724939967.721837997 -1.192437649 -0.760619402 6.947890759 0.030522034 0.559370399 -0.044720594 0.827147663
1724939968.524095297 -0.986626387 -0.763789356 6.983098507 0.009514444 0.532903254 -0.013604953 0.846013308
1724939969.024214745 -0.818659544 -0.751287997 7.009724617 0.011162549 0.499386221 0.000756730 0.866307259
1724939969.457628727 -0.674598694 -0.733546853 6.992896080 0.009281098 0.470992059 -0.032762680 0.881479979
1724939969.658155918 -0.615436316 -0.752194524 6.989744186 0.013447466 0.458316237 -0.029268861 0.888205349
1724939970.126105309 -0.543043613 -0.726739943 6.994475365 0.007155898 0.443364173 -0.002699121 0.896308959
1724939971.260380745 -0.779544592 -0.694648027 7.077833652 -0.038275871 0.529319048 0.019510712 0.847334445
1724939972.560596704 -1.098979950 -0.748042226 7.035027504 -0.097559981 0.560992002 0.034824196 0.821314454
1724939974.094668150 -1.345614910 -0.722573340 7.295753956 -0.038369998 0.633107126 0.050698265 0.771448433
1724939974.294991732 -1.371313095 -0.723888040 7.333212852 -0.042138137 0.621790290 0.055987060 0.780042768
1724939974.796051025 -1.502871990 -0.704362273 7.386663437 -0.049671438 0.633645594 0.052967064 0.770208061
1724939974.929739237 -1.533965588 -0.704539657 7.385457993 -0.055839449 0.651909411 0.057742298 0.754030466
1724939975.197132587 -1.594412327 -0.692699790 7.402993202 -0.051907774 0.669186950 0.066762634 0.738266349
1724939975.364265203 -1.626264572 -0.691479504 7.421714783 -0.060786068 0.681871176 0.057931937 0.726636529
1724939975.564834356 -1.654137135 -0.683726907 7.463189602 -0.059139308 0.690191865 0.060213778 0.718687713
1724939975.665069818 -1.672880173 -0.686645389 7.484423637 -0.062500656 0.705048442 0.055660322 0.704203308
1724939975.832134962 -1.676454544 -0.677235663 7.544725418 -0.060686346 0.738681614 0.063265994 0.668329298
1724939975.999207258 -1.681366920 -0.671044409 7.604258060 -0.050897162 0.767664611 0.074180044 0.634505987
1724939976.166286945 -1.685395241 -0.655858874 7.666543961 -0.024767522 0.796431541 0.072417177 0.599865913
1724939976.433629036 -1.719505310 -0.640892923 7.737695694 -0.039303865 0.806835592 0.090166748 0.582530260
1724939976.567306042 -1.730463028 -0.637212634 7.761116982 -0.043119133 0.812206030 0.096771032 0.573670268
1724939976.967197418 -1.792506218 -0.645391107 7.787292957 -0.037218560 0.818369508 0.091012172 0.566218138
1724939977.267089844 -1.866774559 -0.638786793 7.795335770 -0.021089049 0.819638133 0.096176341 0.564356923
1724939977.400368214 -1.899137497 -0.634144127 7.800007343 -0.027624032 0.820362926 0.110365346 0.560411513
1724939977.500324011 -1.911197662 -0.636479735 7.802177429 -0.039293129 0.827619851 0.110014386 0.548997521
1724939977.633613825 -1.898386002 -0.630147398 7.819327354 -0.036816169 0.839999199 0.098634988 0.532275319
1724939978.066830158 -1.902139664 -0.643469572 7.893981934 -0.047096204 0.846811771 0.079351306 0.523827434
1724939978.200118303 -1.891936302 -0.644260645 7.929715157 -0.044233877 0.856901228 0.080910563 0.507165909
1724939978.300081491 -1.884540558 -0.642537773 7.959126472 -0.041700445 0.862522602 0.083211333 0.497384965
1724939978.433362007 -1.873740196 -0.642433703 7.994995594 -0.033960212 0.868019044 0.088155612 0.487461030
1724939978.533319712 -1.873953819 -0.647563457 8.015386581 -0.033040501 0.874484718 0.086099610 0.476205468
1724939978.700252771 -1.863098145 -0.651363492 8.050493240 -0.029675661 0.875588000 0.090500019 0.473576665
1724939978.967489719 -1.874275208 -0.699595392 8.065673828 -0.051440749 0.882863402 0.088277571 0.458380967
1724939979.134519815 -1.873344421 -0.718077421 8.064155579 -0.035590351 0.894541681 0.079260871 0.438458890
1724939979.635459661 -1.861675262 -0.723036766 8.059692383 -0.028482262 0.897016704 0.080616131 0.433648288
1724939981.670172691 -1.831894875 -0.727858901 8.057523727 -0.048881818 0.909581184 0.068769693 0.406870246
1724939982.069873571 -1.806310177 -0.719468057 8.052893639 -0.048771098 0.925695002 0.059661523 0.370338589
1724939982.402913570 -1.788771629 -0.680612922 8.044862747 -0.040988456 0.929419219 0.073196761 0.359363496
1724939982.936599016 -1.778839588 -0.674925983 8.019936562 -0.031705141 0.946512580 0.086334430 0.309281558
1724939984.905304432 -1.779017925 -0.667419910 8.002038956 -0.026615640 0.965403497 0.069906332 0.249801531
1724939985.305971622 -1.694960117 -0.685486197 8.062294006 -0.027233513 0.976896465 0.054835007 0.204755560
1724939985.639826059 -1.678476810 -0.646480381 8.019647598 -0.015720526 0.981305182 0.043730050 0.186763793
1724939985.939953566 -1.632003307 -0.641317070 7.896073341 -0.020145012 0.985336125 0.048860736 0.162232816
1724939986.240088463 -1.594946623 -0.646089911 7.755833149 -0.014533570 0.991382003 0.027681645 0.127217531
1724939986.373484612 -1.593157291 -0.653629303 7.721327782 -0.005559942 0.994078398 0.012210772 0.107834056
1724939987.339689493 -1.538017154 -0.643571973 7.522746086 -0.000963799 0.997707784 -0.005609862 0.067429639
1724939987.739360809 -1.483729362 -0.659863651 7.424949646 0.001081395 0.998753488 -0.033971231 0.036555622
1724939988.305657625 -1.412907004 -0.657068551 7.328217030 0.005016170 0.999017894 -0.040808044 0.016517635
1724939989.139672041 -1.413143873 -0.650118232 7.034784317 -0.007765968 0.997785866 -0.052622665 0.039924085
1724939989.906908751 -1.374880791 -0.630283713 6.693099499 -0.005035543 0.998875678 -0.036732703 0.029541753
1724939990.106720686 -1.350736976 -0.641791761 6.608073235 -0.012787988 0.998840511 -0.045963380 0.006435504
1724939990.840090036 -1.341377974 -0.630128443 6.313848972 -0.001427562 -0.999107182 0.040669117 0.011350835
1724939991.174403191 -1.376362562 -0.639987111 6.182145596 -0.000982394 0.998749495 -0.048845310 0.010614425
1724939991.942674160 -1.376981020 -0.611769080 5.864746571 0.004100407 0.999102771 -0.035465859 0.022781814
1724939992.209466934 -1.361876965 -0.616253972 5.743047714 0.005391825 0.999129951 -0.039285921 0.012921001
1724939992.742960930 -1.367054224 -0.596552074 5.482132435 0.012584670 0.998988867 -0.035033870 0.025209833
1724939993.575667620 -1.414915085 -0.577885032 5.054111958 -0.017093781 0.998230577 -0.014036355 0.055195130
1724939994.442628622 -1.385829687 -0.554118216 4.708457470 0.030746989 -0.998374224 0.047987927 0.000864682
1724939995.176330328 -1.433927059 -0.557872176 4.376657009 -0.029503375 0.997950733 -0.036635585 0.043378804
1724939995.909852266 -1.374063253 -0.542836547 4.017081738 -0.011185410 0.998545051 -0.043779399 0.029428871
1724939996.776065826 -1.429109573 -0.534349918 3.614421844 -0.020244669 0.997763753 -0.024129583 0.058952581
1724939997.443289757 -1.444917679 -0.504665494 3.267714500 -0.021130584 0.996312320 -0.010179293 0.082533248
1724939998.309934855 -1.419526815 -0.514545739 2.743399620 -0.007978533 0.991780341 -0.018720655 0.126323745
1724939999.910800934 -1.264334679 -0.559728920 1.816292524 -0.013623074 0.968684316 -0.079274394 0.234905675
1724940000.444038153 -1.176706195 -0.578750432 1.530394435 -0.006517670 0.950567365 -0.093702234 0.295971543
1724940001.678653240 -0.657468677 -0.693041444 1.071957111 -0.003593335 0.937315941 -0.074489094 0.340407550
1724940002.778748751 -0.215072185 -0.785667777 0.876219332 -0.025888443 0.960244894 -0.063443676 0.270618796
1724940003.779063463 0.126090884 -0.693735719 0.782108426 0.015969161 0.972204149 -0.082415454 0.218567654
