#timestamp tx ty tz qx qy qz qw
1560000084.182725191 0.000000000 0.000000000 0.000000000 -0.000000000 -0.000000000 -0.000000000 1.000000000
1560000086.923751593 -0.010809761 0.001850149 0.183641642 0.000336324 -0.012027998 0.000443647 0.999927521
1560000086.990509510 -0.011277577 0.001979518 0.204829574 0.000415554 -0.012701865 0.000656899 0.999919057
1560000087.124025106 -0.013644859 0.002034755 0.248952344 -0.000740088 -0.013742870 0.000094751 0.999905288
1560000087.357677937 -0.015287945 0.004230514 0.317344040 -0.000247301 -0.013326425 0.000166410 0.999911189
1560000087.656816483 -0.025128841 -0.000507926 0.387470007 -0.001204323 -0.023311544 0.000673603 0.999727309
1560000088.157462597 -0.037558220 0.000096001 0.497589797 -0.000114680 -0.034474719 0.000228822 0.999405563
1560000088.456668377 -0.049342461 -0.000514423 0.559246540 -0.000545831 -0.043663587 0.001027843 0.999045610
1560000088.723659515 -0.061188951 -0.000576382 0.614611924 -0.000749920 -0.056299638 0.001170190 0.998412967
1560000088.957276583 -0.075748056 -0.003190638 0.661749363 -0.001164794 -0.069526687 0.001489523 0.997578323
1560000089.190893888 -0.097822830 -0.005185018 0.706524670 -0.002209409 -0.092708528 0.002223587 0.995688379
1560000089.424510956 -0.120380379 -0.005297699 0.750789464 -0.002131050 -0.120726846 0.002169719 0.992681146
1560000089.562646866 -0.136325583 -0.007100532 0.775887966 -0.002757580 -0.138793707 0.002678938 0.990313888
1560000089.629425764 -0.146851569 -0.008170497 0.786712587 -0.003201664 -0.150492936 0.002849448 0.988601804
1560000089.762983799 -0.169006020 -0.008678490 0.809320629 -0.003062255 -0.178001747 0.003892240 0.984017730
1560000089.896541834 -0.193062946 -0.009264552 0.832227111 -0.002969067 -0.206071258 0.003930978 0.978524625
1560000090.030099630 -0.216565534 -0.010116889 0.850526214 -0.002867734 -0.231577814 0.004576765 0.972801447
1560000090.130268097 -0.235360071 -0.012975785 0.861657619 -0.003962081 -0.250125825 0.005096764 0.968191862
1560000090.230436563 -0.254983634 -0.012868638 0.872324109 -0.004012176 -0.269128233 0.005155344 0.963082194
1560000090.297215462 -0.268576354 -0.012402883 0.879264474 -0.003508548 -0.282152921 0.004940938 0.959350348
1560000090.330605030 -0.276254117 -0.012072484 0.886778474 -0.003338953 -0.289059490 0.004896511 0.957292795
1560000090.430773497 -0.297012895 -0.011768183 0.895756543 -0.003005657 -0.308156192 0.004793652 0.951318979
1560000090.528802156 -0.320941448 -0.013037492 0.908881068 -0.003295102 -0.328157395 0.005517839 0.944601238
1560000090.628955841 -0.342826784 -0.012821440 0.918973386 -0.002776789 -0.349391878 0.005437418 0.936956823
1560000090.695724964 -0.359066427 -0.012165003 0.924064636 -0.002107985 -0.362231851 0.005321036 0.932070434
1560000090.829262733 -0.390089661 -0.012057647 0.935147345 -0.002136335 -0.386229396 0.005325778 0.922384918
1560000090.962800980 -0.422492802 -0.014099615 0.946375370 -0.002489666 -0.410408288 0.005168957 0.911883891
1560000091.029570103 -0.437309444 -0.015887344 0.950402915 -0.002959311 -0.423274100 0.005474278 0.905980289
1560000091.163108110 -0.469316363 -0.013626739 0.957594514 -0.002308116 -0.449312955 0.005306494 0.893355668
1560000091.296646357 -0.496849477 -0.011705349 0.959738076 -0.001830557 -0.473754227 0.005244217 0.880639553
1560000091.558691978 -0.549004555 -0.012386137 0.965893567 -0.002437996 -0.521765947 0.005301811 0.853068650
1560000091.792211056 -0.601797462 -0.008465299 0.961585939 -0.000799028 -0.563023984 0.004975555 0.826425195
1560000092.025730133 -0.662864745 -0.007674240 0.953254104 0.000432444 -0.598334014 0.004391746 0.801234663
1560000092.192529678 -0.713140070 -0.003425020 0.955339968 0.001206814 -0.619154751 0.003957374 0.785258174
1560000092.392688990 -0.774173737 -0.003271817 0.963236034 0.001837552 -0.631920874 0.003580706 0.775022447
1560000092.857882738 -0.921396971 -0.005654220 0.992345095 0.001865923 -0.636634171 0.003326531 0.771156609
1560000093.258113384 -1.045487404 -0.004541707 1.017535686 0.003419575 -0.631088316 0.003736807 0.775694549
1560000093.693392992 -1.173541784 -0.006927686 1.037119627 0.003481818 -0.631655157 0.004182746 0.775230467
1560000093.993687391 -1.253893614 -0.009501196 1.046552777 0.002768497 -0.638001621 0.003838933 0.770020485
1560000094.293981791 -1.326652169 -0.010805011 1.045317173 0.002560466 -0.654150665 0.004274684 0.756347895
1560000094.726347923 -1.431282759 -0.012191981 1.035910010 0.003252903 -0.684019029 0.003975212 0.729446054
1560000095.026600122 -1.507523298 -0.014972555 1.040308833 0.003838543 -0.693847775 0.003718425 0.720101893
1560000095.326852560 -1.581981897 -0.011995270 1.053851962 0.006642838 -0.680885792 0.002403966 0.732355535
1560000095.692555666 -1.677168727 -0.013529075 1.066042662 0.003436719 -0.669819415 0.003180151 0.742509305
1560000096.126190424 -1.790319920 -0.016273055 1.077177644 0.003302401 -0.667439163 0.003403147 0.744649231
1560000096.459755421 -1.879417658 -0.010045101 1.088797688 0.002366216 -0.665700436 0.001917912 0.746212900
1560000096.731291533 -1.944354773 -0.021239176 1.102289319 0.001845980 -0.659998536 0.003310751 0.751257300
1560000097.098359823 -2.036232710 -0.021276763 1.107981563 0.000847974 -0.663442671 0.005432447 0.748206913
1560000097.331948757 -2.098971844 -0.019587683 1.103599787 0.001522599 -0.672253609 0.003194393 0.740312457
1560000097.561636448 -2.168980837 -0.015834996 1.094950914 0.000422431 -0.687137187 0.001806903 0.726525307
1560000097.795133591 -2.228657246 -0.020908188 1.087027311 0.000952319 -0.704036295 0.002403245 0.710159361
1560000098.095343828 -2.306738853 -0.018651729 1.076025248 0.001777219 -0.718684256 0.002142175 0.695331037
1560000098.428910732 -2.377060890 -0.020900255 1.059949875 0.001742754 -0.736163020 0.002085645 0.676798820
1560000098.894357204 -2.471737623 -0.023706824 1.030221224 0.001006393 -0.760739148 0.002320672 0.649052918
1560000099.261209488 -2.558623075 -0.025412740 0.998895884 0.002076994 -0.779033899 0.002805190 0.626972079
1560000099.560076714 -2.631083727 -0.024920482 0.976071596 0.003424511 -0.786655784 0.002426552 0.617377579
1560000099.926857710 -2.716250420 -0.027303781 0.948582649 0.003463363 -0.791990817 0.003210183 0.610514760
1560000100.260294676 -2.791207075 -0.027844254 0.921190023 0.004097533 -0.798101246 0.003805814 0.602497458
1560000100.592642784 -2.859019518 -0.029638859 0.896276474 0.004201903 -0.802749991 0.003893368 0.596288204
1560000100.926015139 -2.920082092 -0.030933779 0.871901035 0.004381236 -0.807086229 0.003848759 0.590404809
1560000101.392736435 -3.000688076 -0.032315012 0.838398218 0.004355718 -0.812457085 0.003803762 0.582992315
1560000101.591861010 -3.033954144 -0.033740640 0.820946932 0.004189864 -0.817084849 0.003765861 0.576489925
1560000101.958498478 -3.093282700 -0.034924492 0.783560991 0.004313250 -0.830840290 0.004167909 0.556478560
1560000102.158482313 -3.127532959 -0.035926685 0.758210659 0.004597540 -0.839154303 0.004512317 0.543855250
1560000102.425128222 -3.175830603 -0.036065537 0.723536730 0.005053195 -0.851114333 0.004348866 0.524937987
1560000102.694260120 -3.216702938 -0.036908787 0.691467285 0.004191025 -0.862515748 0.005200710 0.505986154
1560000103.227777243 -3.284255981 -0.038209058 0.626556873 0.004351171 -0.881631792 0.004494939 0.471896499
1560000103.560657263 -3.321193218 -0.039328746 0.583670378 0.004901552 -0.893363595 0.003939807 0.449290633
1560000103.994086981 -3.362182379 -0.039883066 0.529326200 0.004467477 -0.909089208 0.003354128 0.416564107
1560000104.527538776 -3.377108574 -0.040473714 0.495367050 0.004483647 -0.922474384 0.002716943 0.386022776
1560000104.760458469 -3.394205093 -0.039877780 0.482073069 0.005734484 -0.926969230 0.002148469 0.375087559
1560000105.327181578 -3.452059269 -0.038965095 0.411364555 0.005700056 -0.928730786 0.002144483 0.370704800
1560000105.696748734 -3.497627974 -0.038628098 0.356034517 0.005495911 -0.931518972 0.001916786 0.363646209
1560000105.963575125 -3.529537201 -0.040086202 0.311688662 0.004880388 -0.935631454 0.001910114 0.352939576
1560000106.096988440 -3.544325829 -0.040242076 0.286804438 0.004728508 -0.938788891 0.001884126 0.344455451
1560000106.197048426 -3.552011728 -0.039149407 0.267671824 0.004614523 -0.942396581 0.002363655 0.334457517
1560000106.297108173 -3.557902336 -0.039161824 0.245652437 0.004759800 -0.947639167 0.002358586 0.319299072
1560000106.563659191 -3.559807539 -0.039619341 0.196592569 0.004294686 -0.964047134 0.001470722 0.265692472
1560000106.697065353 -3.555819035 -0.040670283 0.175151825 0.003735789 -0.971139312 0.001296698 0.238480255
1560000107.163988590 -3.545588493 -0.040373847 0.109648705 0.006127887 -0.983939171 0.000924093 0.178396523
1560000107.330746651 -3.543877125 -0.041165039 0.086648941 0.005690690 -0.986685336 0.000811240 0.162539646
1560000107.630688906 -3.538848162 -0.042299625 0.036500812 0.005190118 -0.992087722 0.000037018 0.125439674
1560000107.664039373 -3.538618326 -0.042570800 0.030769348 0.004818811 -0.992622733 0.000075436 0.121148333
1560000107.697389126 -3.537219763 -0.043473475 0.026240945 0.004704256 -0.993100941 -0.000071291 0.117168561
1560000107.730739355 -3.536790848 -0.042500008 0.020135880 0.005075060 -0.993579388 0.000105468 0.113023117
1560000107.764089108 -3.535844803 -0.043092173 0.015026331 0.004876411 -0.994004488 -0.000169454 0.109230779
1560000107.797438860 -3.533760309 -0.042956073 0.010069728 0.005038319 -0.994391441 -0.000021661 0.105642192
1560000107.864139080 -3.532262564 -0.042583406 -0.000398159 0.005418409 -0.995170057 -0.000134142 0.098016664
1560000107.897489071 -3.531554699 -0.042729396 -0.005515575 0.005505582 -0.995482504 -0.000082235 0.094785772
1560000107.930839062 -3.530715942 -0.042644091 -0.010117888 0.005703771 -0.995773137 0.000031785 0.091669798
1560000107.964188814 -3.530040503 -0.042550441 -0.014769316 0.005658398 -0.996057570 -0.000010742 0.088528655
1560000107.997539043 -3.529201984 -0.043008357 -0.019523621 0.005370740 -0.996351182 -0.000199825 0.085179098
1560000108.030889034 -3.527597189 -0.043046806 -0.024287701 0.005254088 -0.996629059 -0.000159631 0.081870846
1560000108.064239025 -3.527387857 -0.043058340 -0.029150844 0.005191067 -0.996927083 -0.000136109 0.078162991
