#timestamp tx ty tz qx qy qz qw
1724940054.851960421 0.000000000 0.000000000 0.000000000 -0.000000000 -0.000000000 -0.000000000 1.000000000
1724940065.456663132 0.029309798 -0.075032674 -0.018021354 -0.007196818 -0.030845596 -0.022859253 0.999236822
1724940065.490016222 0.032390900 -0.084352896 -0.019448401 -0.009595433 -0.032538839 -0.022603184 0.999168813
1724940065.590075970 0.035195816 -0.112357579 -0.014889665 -0.013331844 -0.037493568 -0.026043227 0.998868525
1724940065.756845474 0.054647602 -0.171374306 -0.026242243 -0.023794660 -0.047994044 -0.028255394 0.998164356
1724940065.923618317 0.072160646 -0.246492967 -0.030731499 -0.031978715 -0.045937069 -0.022975173 0.998167992
1724940066.023683786 0.075770997 -0.293048471 -0.044640057 -0.039923560 -0.047059320 -0.017243046 0.997945011
1724940066.123750448 0.086850032 -0.330065608 -0.050152943 -0.049561858 -0.055531200 -0.027962783 0.996833980
1724940066.190462351 0.103994586 -0.369181603 -0.046030611 -0.053177588 -0.057729688 -0.034736808 0.996309578
1724940066.223818541 0.122774579 -0.382190198 -0.043412235 -0.050634835 -0.058522232 -0.037067413 0.996311843
1724940066.290531158 0.126806870 -0.406795114 -0.051170640 -0.042153321 -0.052406143 -0.038032796 0.997010648
1724940066.357206106 0.131282806 -0.432543635 -0.067162223 -0.033661388 -0.049610998 -0.040501591 0.997379243
1724940066.423841476 0.135525376 -0.454730421 -0.086740509 -0.030660408 -0.048720609 -0.043790836 0.997380912
1724940066.490475893 0.144641548 -0.482398540 -0.117341526 -0.036690850 -0.056216802 -0.044885393 0.996734023
1724940066.523792267 0.149755329 -0.494970232 -0.135773227 -0.042265262 -0.063441068 -0.043862682 0.996124983
1724940066.690369606 0.167306274 -0.522148550 -0.154430345 -0.058456879 -0.089616627 -0.044352930 0.993269622
1724940066.923563480 0.205293745 -0.558495164 -0.216150254 -0.050147392 -0.090607889 -0.053359944 0.993190944
1724940066.990187168 0.217979833 -0.571926296 -0.235014752 -0.044485699 -0.087939963 -0.053854182 0.993673682
1724940067.090120077 0.233877376 -0.582571447 -0.269426048 -0.031448882 -0.081837304 -0.041884333 0.995268464
1724940067.156740189 0.256222248 -0.580577612 -0.292783290 -0.022498537 -0.077111781 -0.037160326 0.996075690
1724940067.256667852 0.261819482 -0.583923697 -0.328690976 -0.017717278 -0.064311974 -0.028219601 0.997373402
1724940067.456725359 0.328769684 -0.591971159 -0.366121054 -0.009607268 -0.060011264 -0.032999996 0.997605801
1724940067.590167761 0.318407893 -0.620887101 -0.404345930 0.000236463 -0.044256840 -0.023285331 0.998748779
1724940067.790337563 0.384962916 -0.608212590 -0.424851567 0.017448023 -0.044926338 -0.024079476 0.998547673
1724940067.923788309 0.386046141 -0.671688676 -0.463917285 0.015963946 -0.039461758 -0.023515271 0.998816788
1724940068.224064112 0.458111793 -0.662998676 -0.534783304 0.026501579 -0.052175883 -0.018823743 0.998108745
1724940068.457608700 0.485540956 -0.702430964 -0.598779857 0.018447032 -0.069090225 -0.029093100 0.997015476
1724940068.524354935 0.482731342 -0.717278779 -0.611835301 0.010564810 -0.081197366 -0.034489039 0.996045172
1724940068.591101170 0.478252739 -0.694330275 -0.626176357 0.011570093 -0.089672141 -0.038741320 0.995150328
1724940068.691220760 0.491488576 -0.666075408 -0.638085842 0.022017431 -0.091087773 -0.050696645 0.994307876
1724940068.757967472 0.503965974 -0.659003794 -0.652425349 0.032143001 -0.084437989 -0.060320362 0.994081736
1724940068.891460657 0.461918384 -0.670889854 -0.701703370 0.039084796 -0.060569473 -0.054129329 0.995928586
1724940069.191822290 0.423482478 -0.654944837 -0.802878678 0.032554429 -0.042273946 -0.019735973 0.998380542
1724940069.325316906 0.410624862 -0.673985481 -0.837100804 0.022847131 -0.031185504 -0.009704492 0.999205351
1724940069.458791018 0.456980407 -0.648647726 -0.849129379 0.024007490 -0.021682158 -0.020215983 0.999272168
1724940070.326331377 0.459557921 -0.678204417 -0.902418196 0.002876671 0.003523262 -0.015308219 0.999872506
1724940072.128410339 0.410028577 -0.726818800 -0.889547408 -0.005115103 -0.016503086 -0.010013091 0.999800622
1724940074.327278852 0.487707824 -0.697239041 -0.779856086 0.021137387 -0.079012632 -0.018879995 0.996470690
1724940074.493991852 0.502790391 -0.737185419 -0.733880341 0.026807178 -0.088536158 -0.022246243 0.995463669
1724940074.594082117 0.512647808 -0.747046411 -0.700812101 0.024737759 -0.105980307 -0.024025060 0.993770123
1724940074.727538586 0.528880477 -0.742587507 -0.662053823 0.024755022 -0.119936295 -0.034104876 0.991886795
1724940074.827633619 0.543253064 -0.760113895 -0.630448520 0.017711181 -0.132216230 -0.036393236 0.990394235
1724940074.961096764 0.578704894 -0.718134284 -0.584954381 0.025735978 -0.141339526 -0.046731964 0.988522589
1724940075.228033781 0.579557538 -0.733078361 -0.519813061 0.019417292 -0.146650180 -0.036781825 0.988313675
1724940075.394876242 0.594112098 -0.713777661 -0.453531027 0.027642263 -0.144854650 -0.034977075 0.988448083
1724940075.494860172 0.591980278 -0.710386693 -0.423535496 0.036415048 -0.139508337 -0.030829027 0.989070773
1724940075.661494732 0.587129772 -0.735355914 -0.364454687 0.039595429 -0.133366451 -0.031697635 0.989768088
1724940075.828122854 0.589166522 -0.724138021 -0.303301334 0.042199168 -0.136533320 -0.028778123 0.989317834
1724940076.061391115 0.591865599 -0.763784885 -0.242017910 0.039678454 -0.127116248 -0.020926021 0.990872979
1724940076.228003979 0.611948550 -0.755047917 -0.186686963 0.040107805 -0.147886813 -0.030943792 0.987706125
1724940076.327968359 0.619902849 -0.770313203 -0.153216958 0.037762914 -0.157463774 -0.034113679 0.986212671
1724940076.461525440 0.633712053 -0.784723163 -0.098827280 0.037378363 -0.181885287 -0.036944076 0.981914341
1724940076.628828526 0.656140745 -0.782933712 -0.033905365 0.045104783 -0.210850567 -0.045159806 0.975432336
1724940076.762687445 0.672080278 -0.802733421 0.018014545 0.047540538 -0.223395899 -0.058676586 0.971797943
1724940076.896561623 0.688540101 -0.813254356 0.061243925 0.051629953 -0.231255919 -0.062286042 0.969523370
1724940077.030449867 0.705136955 -0.811549306 0.091266513 0.049778163 -0.237309888 -0.065010771 0.967977166
1724940077.164353371 0.719181299 -0.806755185 0.123810858 0.043833479 -0.253285706 -0.060397014 0.964508772
1724940077.365235806 0.740866005 -0.795092642 0.156760290 0.043136183 -0.256419569 -0.047781613 0.964419663
1724940077.565579176 0.749505341 -0.801540315 0.180313468 0.040418867 -0.260535419 -0.044671226 0.963582933
1724940078.032836199 0.768803239 -0.771787822 0.218250826 0.034724385 -0.270748943 -0.040877875 0.961154640
1724940078.166349649 0.768077254 -0.795413315 0.238958269 0.027797930 -0.282403439 -0.035508685 0.958235204
1724940078.333248138 0.762954593 -0.804470181 0.262297332 0.023477692 -0.301850975 -0.034272924 0.952449560
1724940078.533361673 0.739747465 -0.814517379 0.283609480 0.009153153 -0.342903465 -0.030406676 0.938833773
1724940078.733384371 0.728685081 -0.804564595 0.341072708 0.008782233 -0.363569200 -0.030871421 0.931014121
1724940078.966736317 0.712081671 -0.818561256 0.428106278 0.009528541 -0.391235977 -0.032051630 0.919682741
1724940079.100076914 0.705330372 -0.815456927 0.467579663 0.007675147 -0.398802489 -0.028690439 0.916555822
1724940079.333415747 0.716122985 -0.806618392 0.537153602 0.006732658 -0.396500796 -0.022318428 0.917738378
1724940079.600105286 0.750963271 -0.804041564 0.600331247 -0.000244153 -0.394574612 -0.017910130 0.918689311
1724940079.800120831 0.785496235 -0.802547514 0.623447597 0.013042110 -0.382816374 -0.025068969 0.923392177
1724940079.966795683 0.815046370 -0.800677001 0.621095300 0.023361877 -0.371252120 -0.028619273 0.927796841
1724940080.200133324 0.836160660 -0.785069406 0.600975752 0.028614407 -0.348843962 -0.031527858 0.936213195
1724940080.400130510 0.829316378 -0.796271682 0.576241791 0.034291390 -0.316477060 -0.032815643 0.947412074
1724940080.600159883 0.817081571 -0.769505143 0.501064599 0.036357988 -0.315282404 -0.031834923 0.947766662
1724940081.000201941 0.779199362 -0.739350080 0.355563343 0.033175658 -0.259781867 -0.004990603 0.965084434
1724940081.166879177 0.776896238 -0.714542866 0.305623680 0.035980258 -0.216879293 -0.013190744 0.975445926
1724940081.366886616 0.778979182 -0.733219683 0.248545393 0.021366332 -0.197786108 -0.007578389 0.979983032
1724940081.866930485 0.814866304 -0.722437620 0.185586929 0.004475306 -0.224633142 -0.040371954 0.973596454
1724940082.100271940 0.821943700 -0.740891576 0.186432004 -0.004850866 -0.264477551 -0.042373329 0.963448286
1724940082.400270224 0.834264159 -0.798883736 0.177735567 -0.020769333 -0.325166851 -0.054007769 0.943884671
1724940082.767853260 0.866117477 -0.879181027 0.215016276 -0.029267717 -0.368742764 -0.068103760 0.926571131
1724940082.968369484 0.876562059 -0.921430349 0.218021378 -0.021551250 -0.411228448 -0.070671439 0.908533037
1724940083.168896914 0.884327710 -0.966742098 0.229130268 -0.025386916 -0.413650513 -0.067192875 0.907597840
1724940083.336012363 0.888161421 -1.008821249 0.240365475 -0.031053673 -0.426544905 -0.056419451 0.902170718
1724940083.636165142 0.900310755 -1.070090771 0.261674404 -0.032685746 -0.449113309 -0.035183296 0.892183304
1724940083.802804708 0.886082828 -1.106624365 0.252063185 -0.045900650 -0.463094592 -0.021135094 0.884867132
1724940084.036090136 0.878723145 -1.132012486 0.259820819 -0.061092414 -0.474234760 -0.017342919 0.878104985
1724940084.169390917 0.857859492 -1.139690638 0.251854569 -0.072409451 -0.492622674 -0.009911060 0.867168725
1724940084.369334459 0.833549321 -1.150735259 0.267536044 -0.082220413 -0.502255797 -0.018957822 0.860592544
1724940084.502880096 0.816971421 -1.130592942 0.266274869 -0.091718584 -0.512064040 -0.008326269 0.853995800
1724940084.870695353 0.785468996 -1.116869330 0.303668439 -0.087513670 -0.520849347 0.013801376 0.849038780
1724940084.971020937 0.776299119 -1.117436767 0.313323081 -0.073433533 -0.516551316 0.008335826 0.853060842
1724940085.238583088 0.778478026 -1.116452217 0.385929674 -0.045980532 -0.516352415 0.011072145 0.855069160
1724940085.506003857 0.803975642 -1.113285899 0.499744892 -0.029212171 -0.535127163 0.004932686 0.844251812
1724940085.739374638 0.809524179 -1.126293302 0.595367193 -0.011925175 -0.560711741 -0.038707800 0.827019870
1724940085.939399481 0.782645166 -1.110157847 0.570694566 -0.015770881 -0.578540564 -0.044506580 0.814285755
1724940086.072745562 0.749879003 -1.102049947 0.586447716 -0.029181525 -0.592712939 -0.042379826 0.803768516
1724940086.272758961 0.706733406 -1.078219295 0.712064505 -0.042747322 -0.616960406 -0.049268410 0.784286380
1724940086.739695549 0.564884841 -1.054009318 0.905277133 -0.042411011 -0.663839877 -0.058940321 0.744341314
1724940086.939932108 0.512861729 -1.039871335 0.989027321 -0.044101980 -0.692484915 -0.055206381 0.717963696
1724940087.106804371 0.478448272 -1.023760319 1.078503489 -0.042693473 -0.715275407 -0.058858387 0.695049763
1724940087.340438128 0.421461582 -1.021849990 1.197026491 -0.036813315 -0.739409864 -0.081075199 0.667341471
1724940087.540738106 0.370178819 -1.012204647 1.257918119 -0.033830520 -0.749436259 -0.096885145 0.654074967
1724940087.941683054 0.250906110 -0.979938507 1.336405635 -0.037550054 -0.790656626 -0.092884950 0.604007125
1724940088.075340509 0.187981486 -0.945363402 1.379087210 -0.032181073 -0.798310459 -0.079823650 0.596064687
1724940088.376086235 0.095625162 -0.891160131 1.399860144 -0.006322973 -0.798235476 -0.060813490 0.599234462
1724940088.543083668 0.047976017 -0.825188220 1.421237946 0.008177849 -0.799496889 -0.051337693 0.598416507
1724940088.843012094 -0.049111843 -0.846847355 1.470756054 0.007155061 -0.799686313 -0.042367749 0.598878622
1724940088.976306915 -0.094494820 -0.885818779 1.495118618 -0.000369272 -0.804699659 -0.039701339 0.592353046
1724940089.276203871 -0.184740901 -0.849806249 1.544091821 0.018682567 -0.815419137 -0.042508662 0.577005744
1724940089.509443045 -0.255485773 -0.874079883 1.570437431 0.018359261 -0.818043172 -0.039348181 0.573515475
1724940089.709393978 -0.302599072 -0.826836586 1.591579914 0.010412029 -0.839328527 -0.037219819 0.542248964
1724940090.342506170 -0.324051142 -0.816603005 1.574910164 0.020323740 -0.848241150 -0.024603490 0.528647840
1724940090.775699854 -0.257159948 -0.867988944 1.516906977 0.002982617 -0.853897691 -0.020278051 0.520037174
1724940091.375488281 -0.120436788 -0.879389822 1.462956429 -0.013685672 -0.850210607 0.009249031 0.526183486
1724940091.675390482 -0.070592999 -0.894805193 1.458128095 -0.011885955 -0.856491268 0.007036768 0.515976667
1724940091.842010736 -0.050016403 -0.898183346 1.459013939 -0.002360039 -0.869371474 0.000627341 0.494153082
1724940091.941979408 -0.038608193 -0.913888395 1.462134242 0.000375003 -0.877981722 -0.003377410 0.478682101
1724940091.975301743 -0.032989860 -0.913387716 1.467362046 -0.000916657 -0.883159041 -0.002634396 0.469065398
1724940092.108588696 -0.034936786 -0.922725141 1.479135275 -0.001102019 -0.904566050 -0.008687705 0.426243573
1724940092.275190592 -0.032425165 -0.940294325 1.494293451 0.000654573 -0.916042209 -0.016638629 0.400736034
1724940092.475104332 -0.037553430 -0.955309868 1.522659779 0.010231473 -0.930612087 -0.028427966 0.364757925
1724940092.642206192 -0.035382748 -0.965205193 1.546059847 0.015450973 -0.940505803 -0.043091279 0.336679786
1724940092.842904329 -0.048109889 -0.991889000 1.564991236 0.015762491 -0.953823209 -0.059866261 0.293920010
1724940093.144003391 -0.052926660 -1.015690684 1.580933332 0.022325082 -0.964791596 -0.061103411 0.254843384
1724940093.678723097 -0.038827538 -1.027449608 1.600673556 0.021602895 -0.974376678 -0.067332640 0.213517547
1724940094.111922741 -0.036015749 -1.053972006 1.594366908 0.008741637 -0.977530837 -0.093105845 0.188913807
1724940095.246679068 -0.004551530 -1.002494693 1.563323855 0.005824679 -0.981738329 -0.118999094 0.148307651
1724940095.613907337 0.024513483 -0.966482580 1.543686032 0.020762956 -0.982829332 -0.122894555 0.136060327
1724940095.880451441 0.058918655 -0.934525728 1.528843045 0.020875242 -0.985211194 -0.123231955 0.117205366
1724940096.047030687 0.041552901 -0.923923969 1.507662177 0.019367823 -0.984318495 -0.133649960 0.113488905
1724940096.213601828 0.070282459 -0.918735623 1.486801267 0.018561855 -0.984164238 -0.130727261 0.118264787
1724940096.380164623 0.103192568 -0.909612656 1.475626826 0.023136621 -0.984934807 -0.116193503 0.125965193
1724940096.546728849 0.129297256 -0.901297688 1.467979550 0.020350954 -0.987780213 -0.106866002 0.111605532
1724940096.746636868 0.175125092 -0.885126710 1.457833767 0.019548671 -0.988550961 -0.101107970 0.110281944
1724940096.946532726 0.206902593 -0.867670715 1.442573547 0.015431085 -0.988387406 -0.098546043 0.114634223
1724940097.146416187 0.260218948 -0.843926787 1.431092262 0.004447440 -0.987672031 -0.096262276 0.123360120
1724940097.446218729 0.314848274 -0.810786605 1.407207608 -0.029767174 -0.985313118 -0.100694306 0.134657368
1724940097.746061802 0.356287241 -0.777359188 1.398128271 -0.040469032 -0.981036067 -0.090546563 0.166528612
1724940097.945953608 0.393412530 -0.764301062 1.396596074 -0.041863076 -0.977450907 -0.092358522 0.185221821
1724940098.145833254 0.418559194 -0.750144899 1.387504816 -0.052207634 -0.982671857 -0.108336113 0.141045034
1724940098.679349422 0.383603543 -0.696746707 1.376721859 -0.054125141 -0.987165213 -0.064513497 0.135695532
1724940098.880000353 0.418235600 -0.679111123 1.403553963 -0.053520277 -0.984719992 -0.069225006 0.150565818
1724940099.281378269 0.335819244 -0.672940135 1.386454463 -0.071352333 -0.986355424 -0.060814191 0.135327354
1724940099.482105494 0.270023376 -0.673795760 1.384166598 -0.044833738 -0.985006928 -0.060489770 0.155217126
1724940099.748924017 0.195647359 -0.691200256 1.395207763 -0.021794982 -0.991004586 -0.065992430 0.114367425
1724940099.948817730 0.096930236 -0.693769038 1.370876074 0.005783511 -0.995054603 -0.061523639 0.077767462
1724940100.148699045 0.030215785 -0.695519626 1.347898722 -0.002617507 -0.996711075 -0.070346043 0.040145420
1724940100.348567963 -0.033113897 -0.706564784 1.317094803 -0.004118559 -0.996842325 -0.065904930 0.044101458
1724940100.581863880 -0.099285930 -0.723701119 1.262044549 0.015995877 -0.997257054 -0.047914423 0.054098960
1724940100.815948963 -0.151654631 -0.710192144 1.214305758 0.035800815 -0.998557031 -0.027920330 0.028681753
1724940101.050069332 -0.220357001 -0.686747432 1.189659238 0.042457379 -0.998176634 -0.038889196 0.018123630
1724940101.284224510 -0.298350126 -0.672425449 1.149869323 0.037312150 -0.997071922 -0.057843097 0.033310242
1724940101.518414736 -0.390435338 -0.670437694 1.118091226 -0.042805891 0.997754872 0.051095437 0.006488788
1724940101.718496799 -0.459757328 -0.654361844 1.101799011 -0.052931815 0.996387839 0.035903651 0.055861130
1724940101.985084534 -0.571678400 -0.660213470 1.126905322 -0.042627972 0.995673776 0.026717922 0.078120001
1724940102.218335629 -0.626818717 -0.645127118 1.153151393 -0.010414779 0.995953262 0.009209720 0.088790804
1724940102.451575041 -0.672238886 -0.634577870 1.203405976 0.006134745 0.995052755 -0.001556385 0.099146210
1724940102.684814453 -0.753770709 -0.639666855 1.262608409 -0.003692731 0.992120624 -0.002197022 0.125212640
1724940102.918046474 -0.788135290 -0.635627985 1.277741313 -0.009860571 0.990674734 -0.006600191 0.135730609
1724940103.151262999 -0.851732969 -0.631537557 1.296291471 -0.010950815 0.984328687 -0.008822886 0.175781921
1724940103.417776585 -0.932853758 -0.630373240 1.276179552 -0.009278600 0.980978847 -0.013835785 0.193398491
1724940103.617738485 -0.986595988 -0.617262661 1.264076829 -0.017225895 0.972333610 -0.013675147 0.232558712
1724940103.918471098 -1.022286057 -0.598678052 1.275188923 -0.038826253 0.962224066 0.001074226 0.269473940
1724940104.152405262 -1.034310579 -0.616707683 1.315713286 -0.029092159 0.954887331 -0.019563975 0.294891715
1724940104.686999083 -1.035751581 -0.632611513 1.507598758 -0.000396510 0.945444226 -0.049679544 0.321973681
1724940104.986895561 -1.015700817 -0.630449533 1.610653520 0.018197918 0.929386079 -0.055120140 0.364516288
1724940105.286767960 -0.987718880 -0.639278591 1.693518996 0.022624139 0.908912361 -0.069185391 0.410584748
1724940105.586616755 -0.968094707 -0.646196723 1.743453383 0.015057688 0.911328912 -0.060495164 0.406931520
1724940105.853182793 -0.896179080 -0.635706127 1.795638561 0.008109028 0.906604588 -0.033783995 0.420548558
1724940106.119736433 -0.874096513 -0.629287362 1.868391275 0.016023720 0.907379389 -0.039998002 0.418098062
1724940106.352953911 -0.902531147 -0.632235885 1.928555489 0.001223041 0.908673584 -0.035226345 0.416016728
1724940106.552842855 -0.929304242 -0.621954858 1.996543169 0.001815423 0.902296185 -0.019417439 0.430675387
1724940106.753074408 -0.969686627 -0.608120143 2.055494547 -0.018080814 0.887856960 0.001340506 0.459762275
1724940107.287518501 -1.089972973 -0.590759993 2.144500256 -0.049586575 0.873369873 0.005054954 0.484500498
1724940107.821454287 -1.197578549 -0.561317086 2.085005522 -0.085832089 0.835735083 0.006340377 0.542346299
1724940108.021325350 -1.234891057 -0.564741373 2.032753468 -0.098014809 0.822147846 0.015466762 0.560559452
1724940108.487639189 -1.273554564 -0.561241388 1.978130579 -0.090487979 0.809316218 0.006403126 0.580325902
1724940108.887722731 -1.277076602 -0.556300819 1.975350499 -0.080082782 0.804041266 0.005902533 0.589126110
1724940109.221318245 -1.281053901 -0.561867356 1.978458762 -0.054515261 0.781788707 0.001751706 0.621153295
1724940111.355284929 -1.307754159 -0.575086355 1.905914783 -0.036494352 0.760520577 -0.000568637 0.648287237
1724940111.889526844 -1.288656235 -0.582546651 1.914858460 -0.035549607 0.791804194 -0.019546928 0.609426200
1724940112.290466785 -1.288675904 -0.592273057 1.918978572 -0.032992862 0.807008266 -0.033888809 0.588643074
1724940112.591196775 -1.291367769 -0.597117186 1.913396239 -0.030270128 0.815312803 -0.038737815 0.576929986
1724940112.957825422 -1.290703058 -0.602240086 1.904632688 -0.027146356 0.826331258 -0.046040636 0.560642481
1724940113.291009188 -1.283674240 -0.606530309 1.896997571 -0.029544357 0.848455012 -0.053597838 0.525717139
1724940113.524219990 -1.269606113 -0.606858313 1.900032997 -0.032088820 0.856444240 -0.052511603 0.512558460
1724940114.390519142 -1.091109037 -0.640585840 1.895322919 -0.026296424 0.879335880 -0.047396071 0.473107338
1724940115.391164064 -0.812483907 -0.681065798 1.785489798 -0.018266873 0.915997922 -0.061234187 0.396061242
1724940117.027439117 -0.520237684 -0.705459833 1.439711094 0.004933024 0.985202432 -0.025881667 0.169357404
1724940117.361148596 -0.457855523 -0.702160060 1.371145964 0.005096311 0.991594732 -0.009872303 0.128905103
1724940118.562406540 -0.076312229 -0.724468291 1.185294628 -0.012413973 -0.999733329 0.005315073 0.018733641
1724940118.862860203 0.088041082 -0.740767121 1.172441244 -0.015809614 -0.999001443 0.012256697 0.039949488
1724940119.196914434 0.163834572 -0.732151628 1.081343651 -0.020856196 -0.997940481 0.004452071 0.060498152
1724940119.597809076 0.289002627 -0.755524039 0.972424030 -0.025542310 -0.993548274 -0.002458987 0.110469043
1724940119.865137577 0.375774026 -0.763720930 0.870155275 -0.003672149 -0.989457965 -0.003327883 0.144735426
1724940120.165972710 0.507786512 -0.772755146 0.778211415 -0.012934116 -0.985415578 -0.009830951 0.169387728
1724940120.500282049 0.594777465 -0.776797891 0.672047973 -0.022539254 -0.974580646 -0.017320273 0.222226515
1724940120.834274530 0.641868711 -0.774576902 0.537510514 -0.028680069 -0.969613373 -0.035970271 0.240277991
1724940121.134097576 0.631999671 -0.795102537 0.365768254 -0.021383042 -0.962736130 -0.019718077 0.268873781
1724940121.433891773 0.626261473 -0.805735290 0.214788318 -0.009558493 -0.954634786 -0.021177292 0.296871394
1724940121.733658552 0.644872665 -0.804747224 0.057921112 -0.011047958 -0.942822695 -0.019445950 0.332543552
1724940122.000794411 0.655653119 -0.818146348 -0.084589779 -0.014120551 -0.922049582 -0.014369456 0.386547148
1724940122.267968655 0.652883768 -0.816857159 -0.199025214 -0.019248303 -0.914028108 -0.022957074 0.404543191
1724940122.535152435 0.629460096 -0.829884231 -0.318514884 -0.019695250 -0.906746507 -0.033132836 0.419910818
1724940122.802295923 0.592735469 -0.816880286 -0.466005057 -0.009898679 -0.892610550 -0.018420057 0.450343341
1724940123.069108248 0.573735178 -0.834240615 -0.556021929 -0.013705705 -0.881737113 -0.019677030 0.471131384
1724940123.402635336 0.583732247 -0.823460996 -0.681508660 -0.029562082 -0.862324655 -0.029597534 0.504624844
1724940123.669466257 0.604406834 -0.821094334 -0.758035302 -0.031692874 -0.847561061 -0.019638013 0.529386640
1724940123.936496735 0.602647126 -0.819213569 -0.812620044 -0.033527859 -0.823427022 -0.028612874 0.565707743
1724940124.203649998 0.590315998 -0.824819267 -0.853384852 -0.020983823 -0.785272956 -0.019170141 0.618497074
1724940124.437415600 0.577758849 -0.817871392 -0.881706595 -0.027955731 -0.758734584 -0.013024191 0.650669396
1724940124.671187162 0.571387529 -0.818825066 -0.911309838 -0.034026597 -0.742916942 -0.016548226 0.668313444
1724940124.937916756 0.565153599 -0.821665883 -0.924391985 -0.020052226 -0.722828567 -0.024783587 0.690291762
1724940125.137751102 0.561175942 -0.817161202 -0.920561194 -0.026155652 -0.710711181 -0.029797805 0.702365696
1724940125.770460606 0.532942176 -0.821904302 -0.947723389 -0.040773064 -0.714396358 -0.015751382 0.698374748
1724940126.669643402 0.512158453 -0.825980544 -0.947753847 -0.034602974 -0.708436310 -0.020969557 0.704613984
1724940127.002687931 0.514827192 -0.830199122 -0.957746744 -0.036630452 -0.721297920 -0.023957632 0.691240609
1724940127.302425385 0.518790901 -0.831289589 -0.966447175 -0.029698061 -0.724083543 -0.013297725 0.688944280
1724940127.535530567 0.513714433 -0.830539227 -0.957101941 -0.032515403 -0.716204941 -0.018759293 0.696879685
1724940128.402319193 0.519980133 -0.820278406 -0.907298923 -0.040108364 -0.704573572 -0.030905403 0.707822204
1724940128.669156075 0.521216929 -0.831060946 -0.883402705 -0.029192727 -0.693074942 -0.024196988 0.719867647
1724940129.002429247 0.503136873 -0.846175253 -0.869069040 -0.022231407 -0.712448001 -0.015006720 0.701212108
1724940129.335551500 0.462805629 -0.866977036 -0.840097845 -0.027629476 -0.744838893 -0.017647784 0.666438460
1724940129.535407782 0.438844144 -0.868218660 -0.808234692 -0.026514888 -0.775764525 -0.012306222 0.630345106
1724940129.801874161 0.456158817 -0.804402113 -0.759576082 -0.001806991 -0.834100783 -0.001548917 0.551606953
1724940130.135020256 0.453569353 -0.822210789 -0.670418024 -0.006184104 -0.878854990 -0.015534500 0.476795942
1724940130.468130112 0.473761261 -0.831112325 -0.651744068 0.002304688 -0.890378833 -0.008325085 0.455138355
1724940130.834532261 0.536563456 -0.817221761 -0.588487267 0.012427113 -0.913807452 0.007393464 0.405890286
1724940131.267610073 0.584850192 -0.860732317 -0.540293753 0.005104573 -0.932275414 -0.030109815 0.360457927
1724940131.767240047 0.570032537 -0.854235649 -0.453278989 -0.003275375 -0.952945888 0.000288725 0.303122848
1724940132.134186268 0.526783586 -0.837503016 -0.393143773 -0.004084017 -0.967156649 -0.010790378 0.253919333
1724940132.501155138 0.524789214 -0.870335221 -0.368489206 -0.007607306 -0.969815552 -0.018144045 0.243044764
1724940133.034641743 0.587416351 -0.851891279 -0.304827601 -0.023784667 -0.976259589 0.001338606 0.215289906
1724940133.401168585 0.666391671 -0.866606712 -0.300453514 -0.045451250 -0.985419035 -0.013490088 0.163406074
1724940133.767660856 0.746545911 -0.895348907 -0.296389580 -0.029637666 -0.992681563 -0.016574254 0.115888827
1724940134.067762136 0.788903058 -0.908149302 -0.266368568 -0.028879698 -0.995559514 -0.027484383 0.085275456
1724940134.401206017 0.777995706 -0.954897642 -0.234022632 -0.016314834 -0.998885632 -0.028891806 0.033565104
1724940134.734647989 0.754043102 -0.950922549 -0.170720533 0.002596380 0.999016643 0.042387191 0.012741389
1724940135.068325520 0.728263021 -0.933666706 -0.126202524 -0.014971944 0.996925533 0.066400573 0.038811799
1724940135.535558224 0.723919153 -0.926044941 -0.087618202 0.000889181 0.994366288 0.065016314 0.083712310
1724940136.503565788 0.798255980 -0.908314705 -0.042253569 -0.004926728 0.995698750 0.052195385 0.076390088
1724940136.937364340 0.845763326 -0.861084819 -0.005872086 0.008185225 0.995234668 0.056237705 0.079236008
1724940137.504163980 0.912097931 -0.817115307 0.015339211 0.046616290 0.996588111 0.046173103 0.050071899
1724940137.837651968 0.942669988 -0.782980680 0.016461764 0.053899586 0.996883631 0.047938500 0.031934250
1724940138.238317490 0.954274893 -0.744192004 0.017688069 0.035702586 0.998619795 0.036522381 0.012245575
1724940138.739238739 0.969480276 -0.714308321 0.014972084 0.032439310 0.998805702 0.029983476 0.020878296
1724940139.140339851 0.972939253 -0.694127679 0.015396254 0.049924377 0.996629894 0.056004539 0.033164285
1724940140.343183041 0.962481737 -0.698972046 0.012441844 -0.044562675 -0.997059822 -0.061771579 0.008377528
1724940143.214988470 0.979315639 -0.712721944 -0.083588146 -0.044566352 -0.997966409 -0.035674129 0.028360067
1724940143.649493933 0.951081991 -0.738642395 -0.181691527 -0.053124454 -0.998255491 0.010428707 0.023560990
1724940143.849868059 0.930895448 -0.758805156 -0.223340243 -0.044585288 -0.998205006 0.034263261 0.020615511
1724940144.216538191 0.887130797 -0.771450520 -0.261407822 -0.038578153 -0.996907473 0.066457197 0.016453024
1724940147.885173798 0.890901744 -0.763480783 0.017438233 -0.044772379 -0.990278900 0.028752498 0.128516227
1724940148.351722956 0.836940646 -0.764960408 0.042395115 -0.034533426 -0.974987864 0.027864987 0.217783511
1724940149.553110123 0.727818251 -0.772095919 0.110518217 -0.006047266 -0.950812578 0.022801545 0.308867365
1724940150.753209114 0.548863888 -0.724079669 0.178825319 0.015093307 -0.970786214 0.038189381 0.236406371
1724940151.952877760 0.540064216 -0.762402773 0.251731098 0.014243969 -0.969048738 0.048104566 0.241718173
1724940152.420449972 0.564264774 -0.781573832 0.382008433 -0.012293462 -0.964807570 0.066630006 0.254078001
1724940152.887876749 0.554771483 -0.764682949 0.520892262 -0.006971838 -0.967013836 0.033105016 0.252467215
1724940153.354220629 0.485051870 -0.777842224 0.726396143 0.018868472 -0.973397553 0.067508467 0.218137100
1724940153.853803635 0.353184164 -0.769692242 0.951876998 0.005379032 -0.979532421 0.048854064 0.195193917
1724940154.353460789 0.218390048 -0.732253790 1.007200718 0.026591914 -0.983863354 0.048963495 0.170024648
1724940154.519993544 0.142878830 -0.721892357 1.033127189 0.012031746 -0.989540517 0.032257974 0.140086770
1724940154.986504078 -0.067479521 -0.701201439 1.072342038 -0.017657898 -0.993408084 0.047172531 0.102972232
1724940155.053215027 -0.094596058 -0.707763791 1.090745926 -0.015580611 -0.995926023 0.045463938 0.076299652
1724940155.987367868 -0.414508700 -0.700219810 1.181890965 -0.019771643 0.997231066 -0.031831417 0.064234085
1724940156.054158926 -0.425045907 -0.707921445 1.198017359 -0.027235921 0.997965813 -0.025595291 0.051646806
1724940156.087554455 -0.440191746 -0.705802083 1.197316766 -0.030254791 0.998263419 -0.025200699 0.043814991
1724940156.521712065 -0.561731219 -0.685726166 1.137326360 -0.013160869 0.998901665 -0.011364917 0.043509480
1724940156.722100973 -0.617799342 -0.656739414 1.114545226 -0.019463303 0.997456789 -0.022636017 0.064720184
1724940157.022475004 -0.693338156 -0.654162288 1.100208402 -0.026346972 0.992379725 -0.013783092 0.119575858
1724940157.155901909 -0.720690727 -0.662656009 1.123061180 -0.005398992 0.985037625 -0.019547222 0.171142280
1724940157.322689295 -0.734937787 -0.683814287 1.162446737 0.015315549 0.974279642 -0.037333384 0.221699893
1724940157.356047392 -0.745697856 -0.685194969 1.174690962 0.023120085 0.970573604 -0.040953979 0.236167580
1724940159.056098700 -0.894033909 -0.700080752 1.420336485 -0.003115474 0.938941360 -0.113502413 0.324802607
1724940160.356786728 -0.936530948 -0.604260683 1.732852578 0.035752933 0.968596160 -0.093181059 0.227728933
1724940160.823304176 -0.946226716 -0.603442967 1.767020941 0.030583041 0.968703389 -0.089663744 0.229431584
1724940161.291518211 -0.950239062 -0.572329581 1.759738326 0.022740681 0.973291516 -0.047429334 0.223465964
1724940161.760016918 -0.923769057 -0.560161352 1.736204028 0.015889978 0.973275781 -0.030877477 0.226998672
1724940162.626917839 -0.938889503 -0.563392878 1.683978438 0.005432316 0.967948437 -0.038101908 0.248182535
1724940163.493352652 -0.929748654 -0.572429299 1.687639594 0.020181846 0.965320170 -0.040990844 0.257039934
1724940164.659683466 -0.979768395 -0.582152367 2.055047750 0.030147472 0.978052258 -0.084216595 0.188182116
1724940165.260057688 -1.130627751 -0.583764315 2.260891438 0.047087021 0.975219905 -0.103133470 0.189980373
1724940165.827429056 -1.151349306 -0.580553055 2.432919741 0.024061564 0.976809919 -0.123624176 0.173148885
1724940166.427471399 -1.118750453 -0.574956000 2.628198624 0.022724787 0.979851782 -0.143956974 0.136566713
1724940167.060772181 -1.229163289 -0.556074321 2.758834600 0.028653787 0.982324004 -0.125171587 0.136200562
1724940167.627417803 -1.342759490 -0.540307283 2.876041412 0.005914383 0.988318622 -0.098955490 0.115754530
1724940168.295663118 -1.353626728 -0.485022694 3.091212273 -0.000077946 0.992718995 -0.065625928 0.101006068
1724940168.997977257 -1.384580255 -0.469114721 3.370699644 -0.016168427 0.990411043 -0.074128442 0.115453698
1724940169.631298780 -1.434711933 -0.459273100 3.581409454 -0.006849728 0.989037454 -0.052037839 0.138022125
1724940170.231289148 -1.416644812 -0.456305385 3.831715584 0.006339552 0.994132996 -0.074900486 0.077777520
1724940170.764597416 -1.436643839 -0.430251032 3.996392250 0.004975562 0.996721148 -0.049046017 0.064161569
1724940171.332376003 -1.498220921 -0.386627465 4.076126099 0.007733784 0.996725142 -0.000818513 0.080489241
1724940171.967167377 -1.458624959 -0.384372354 4.171744347 0.004640472 0.998239338 -0.017111599 0.056602567
1724940172.200761795 -1.413786292 -0.392852575 4.201577663 -0.002607492 0.998861969 -0.034916792 0.032384604
1724940172.300877333 -1.341130733 -0.352881908 4.352103710 -0.004796339 0.998514652 -0.038577963 0.038173217
1724940172.334249973 -1.333994150 -0.359540492 4.357358456 -0.006105249 0.997846007 -0.029740144 0.058151428
1724940172.734742641 -1.360677719 -0.352065086 4.288058758 -0.017710648 0.998283267 -0.009146811 0.055075463
1724940175.202257633 -1.492254972 -0.430622816 4.179822922 -0.013762543 0.993601382 -0.054661423 0.097872674
1724940175.703478098 -1.532413244 -0.445856988 4.041098595 -0.015727045 0.990054488 -0.064757861 0.123900227
1724940176.203924656 -1.536857605 -0.449894905 3.887777328 -0.017075961 0.987391829 -0.079936989 0.135557726
1724940176.803745270 -1.565891743 -0.449882925 3.711197853 -0.012960078 0.985586166 -0.067257419 0.154688194
1724940177.404347658 -1.702023983 -0.439456671 3.602155924 -0.015151340 0.971414685 -0.055925742 0.230209351
1724940177.971660376 -1.799555540 -0.447085261 3.644188166 -0.011494102 0.963367879 -0.058251940 0.261528224
1724940178.538336277 -1.908877134 -0.442742348 3.752284527 -0.013317973 0.963611543 -0.053975694 0.261461437
1724940179.038446903 -2.003019333 -0.429780215 3.814499378 -0.012453727 0.958409548 -0.033546358 0.283144295
1724940179.472309828 -2.095260143 -0.418195397 3.827077627 -0.014054835 0.944141626 -0.022659974 0.328459471
1724940179.906181097 -2.227299690 -0.423218071 3.856932402 -0.022818593 0.927435756 -0.017804913 0.372860849
1724940180.272909880 -2.307307243 -0.415635228 3.889636755 -0.028874893 0.925574541 -0.015125669 0.377159417
1724940181.106115818 -2.418053389 -0.399489999 4.071461678 -0.012607759 0.937191725 -0.005680283 0.348540604
1724940181.606051683 -2.487232208 -0.386176825 4.130222797 -0.025698904 0.937036812 0.024112012 0.347448111
1724940181.939313889 -2.533625126 -0.373651683 4.157710552 -0.048368700 0.928560197 0.037773792 0.366073102
1724940182.272615433 -2.585398197 -0.355379999 4.167444229 -0.061754737 0.911202550 0.074775107 0.400381058
1724940182.539245129 -2.633201599 -0.353996575 4.154316425 -0.070737436 0.907372832 0.075011276 0.407485098
1724940182.939162254 -2.735955954 -0.343057483 4.152068138 -0.074507967 0.895345986 0.076545291 0.432371289
1724940183.273152351 -2.813970804 -0.332016528 4.152394772 -0.085918762 0.892090142 0.083603419 0.435664564
1724940183.740892649 -2.863899946 -0.317321926 4.149608612 -0.091879986 0.878278911 0.083991699 0.461659580
1724940184.308446646 -2.865494251 -0.319217265 4.144090652 -0.099843733 0.866779268 0.079130933 0.482144415
1724940184.441920519 -2.869815350 -0.315351993 4.137424469 -0.102924086 0.855149686 0.080784030 0.501597166
1724940185.242502451 -2.872870207 -0.316030920 4.114799023 -0.094889522 0.842799604 0.087556295 0.522511899
1724940185.575789452 -2.860784531 -0.318154156 4.111572266 -0.095096171 0.824402153 0.088524520 0.550891221
1724940185.642444611 -2.861305475 -0.318816036 4.115160465 -0.095202610 0.817981243 0.088071726 0.560434222
1724940185.675771475 -2.863724232 -0.320965171 4.107075691 -0.094344884 0.813085556 0.088601507 0.567574441
1724940185.709098339 -2.862702847 -0.334973931 4.101876736 -0.091225274 0.806903601 0.092924863 0.576150596
1724940185.809077740 -2.856904030 -0.317561924 4.117824554 -0.089347243 0.792775154 0.092802621 0.595745146
1724940185.875729084 -2.851832390 -0.311829895 4.114683151 -0.087625682 0.788404584 0.094109081 0.601567447
1724940186.643895864 -2.824742794 -0.311672121 4.101207733 -0.093617603 0.769847035 0.090404421 0.624818563
1724940187.645432949 -2.823999405 -0.332665235 4.129362583 -0.059580009 0.745302558 0.053630184 0.661889791
1724940192.848888397 -2.798395157 -0.351922870 4.111856461 -0.028596459 0.701445520 0.003477602 0.712140679
1724940193.482153177 -2.655571699 -0.361346811 3.984553337 -0.050700780 0.689831793 0.006343220 0.722164333
1724940193.582139730 -2.618651390 -0.370350331 3.963645220 -0.055262551 0.688290179 0.008491202 0.723277748
1724940193.648796082 -2.599909782 -0.370999575 3.947099924 -0.057158105 0.691800177 0.006310238 0.719795525
1724940193.715451956 -2.580414057 -0.366729736 3.925235271 -0.063987598 0.698236406 -0.000502317 0.713001668
1724940193.915413618 -2.534665346 -0.362922341 3.881514072 -0.069545880 0.694675922 -0.007986309 0.715908527
1724940194.148721695 -2.469377995 -0.366085589 3.818915367 -0.080341734 0.685200632 -0.019043034 0.723659217
1724940194.215382338 -2.453575850 -0.350814432 3.792734861 -0.077094577 0.675162971 -0.016296126 0.733447909
1724940194.282042027 -2.428245068 -0.364773750 3.778105259 -0.084220789 0.668815553 -0.012098501 0.738543332
1724940194.482015371 -2.356709480 -0.372765005 3.741158485 -0.089549631 0.669583261 -0.003301647 0.737311482
1724940194.581999063 -2.319672585 -0.374782801 3.732065916 -0.089733966 0.674953103 -0.009436831 0.732323170
1724940194.748633862 -2.253964424 -0.359446377 3.733279228 -0.074410222 0.669003665 -0.004319379 0.739512384
1724940194.881937504 -2.197684765 -0.384197414 3.751126051 -0.077893578 0.665632427 -0.012017911 0.742106318
1724940195.215407372 -2.032639027 -0.390701532 3.810025692 -0.075554907 0.690833747 -0.014770194 0.718903363
1724940195.582357645 -1.886051893 -0.388793170 3.859875679 -0.046147555 0.697376370 0.001393563 0.715216517
1724940196.282778978 -1.516791821 -0.422329664 3.887266159 -0.030381808 0.701690614 -0.007439635 0.711794913
1724940196.616127968 -1.331833839 -0.434529424 3.920551300 -0.028399797 0.696325779 -0.007174448 0.717127979
1724940197.116123676 -1.084706783 -0.444951624 4.014579296 -0.014827052 0.699795783 0.012757734 0.714075148
1724940197.216136217 -1.041258097 -0.433613837 4.018972397 -0.021183979 0.695063949 0.015348426 0.718471944
1724940197.582835436 -0.830178022 -0.449828684 3.996095419 -0.015683599 0.693473279 0.011185911 0.720224798
1724940197.816178083 -0.695046425 -0.478546202 3.968146563 -0.018876947 0.694114983 0.000707164 0.719616354
1724940198.316184998 -0.419793129 -0.489789575 3.929950953 -0.021361947 0.693512201 0.014590613 0.719980299
1724940198.682842731 -0.221545458 -0.499818891 3.946952343 -0.008170872 0.703529239 0.029200688 0.710019171
1724940198.882827520 -0.130939007 -0.498021007 3.956121683 -0.010014151 0.702793837 0.021931393 0.710984945
1724940199.149605036 0.045114756 -0.498163849 3.957544804 -0.026907824 0.682353437 0.012505555 0.730420113
1724940199.283114433 0.132773399 -0.499569833 3.949263334 -0.033098258 0.671313703 0.000802798 0.740433514
1724940199.550149441 0.303636551 -0.537837982 3.943201780 -0.042381737 0.664534807 -0.011966141 0.745958507
1724940199.917357922 0.501492977 -0.541909635 3.968546867 -0.041802704 0.657450557 -0.010821280 0.752259493
1724940200.184500456 0.627442598 -0.568290949 3.999900341 -0.048884466 0.659063280 -0.013934584 0.750367701
1724940200.385013103 0.708895683 -0.553417206 4.010562897 -0.028518140 0.670025468 -0.006347773 0.741762936
1724940200.451853514 0.729088783 -0.545895457 4.008685112 -0.026079135 0.663779795 -0.004097052 0.747462034
1724940200.953199387 0.958047390 -0.579169214 3.963662386 -0.019427573 0.680161595 -0.009130711 0.732747853
1724940201.053478003 1.002606630 -0.592335284 3.934721470 -0.024492888 0.694321752 -0.008270068 0.719200253
1724940201.386902332 1.184097290 -0.587148786 3.907316208 -0.025196599 0.699461699 -0.002661013 0.714220822
1724940201.920193911 1.464167356 -0.597742200 3.973967075 -0.044508323 0.701889873 0.001778661 0.710891306
1724940202.186963081 1.604922295 -0.576623559 4.034173489 -0.040185798 0.716174185 0.003038033 0.696757078
1724940202.320469618 1.671283245 -0.589683890 4.055341244 -0.049522858 0.705056548 0.006424187 0.707390606
1724940202.453981161 1.739133120 -0.578250468 4.069872856 -0.045238785 0.700193048 0.014022999 0.712380946
1724940202.687639713 1.891212940 -0.582563996 4.073829174 -0.056457486 0.689961791 0.009972848 0.721571743
1724940202.821166277 1.984715700 -0.607451916 4.074837685 -0.062866986 0.696033001 -0.006847045 0.715219557
1724940203.021466255 2.075918913 -0.610211790 4.053884983 -0.068633653 0.694757104 -0.005126383 0.715943933
1724940203.221600533 2.188674212 -0.607610285 4.065811634 -0.066973038 0.695024133 0.011389446 0.715769768
1724940203.354963779 2.239834070 -0.622906804 4.059655190 -0.063678876 0.700731695 0.017675145 0.710357547
1724940203.655023813 2.381839514 -0.617984653 4.071176529 -0.067374520 0.716170549 0.017250137 0.694451451
1724940203.888396263 2.482655048 -0.624236643 4.092329979 -0.066686511 0.723270297 0.018831890 0.687079608
1724940204.221787453 2.607225657 -0.620708406 4.104236126 -0.071460553 0.722670674 0.018052697 0.687251508
1724940204.555183649 2.728001118 -0.630439103 4.070546150 -0.078376316 0.705997050 0.013153637 0.703741729
1724940204.721876144 2.803857803 -0.646724820 4.042517662 -0.089628801 0.711201668 -0.000454645 0.697250783
1724940204.821890116 2.845105648 -0.645202756 4.018382072 -0.087613106 0.710967004 -0.003754660 0.697736204
1724940205.021914005 2.914767265 -0.658405066 3.990297794 -0.101173267 0.700888157 0.001383287 0.706057966
1724940205.221950531 2.971788645 -0.642135143 3.960360050 -0.100184135 0.700222671 0.007317065 0.706822336
1724940205.388650417 3.042029142 -0.655200958 3.967117548 -0.107731268 0.698888540 0.016169745 0.706885695
1724940205.588685751 3.127146721 -0.650255084 3.974340677 -0.094054595 0.704252481 0.017425910 0.703476071
1724940205.688701391 3.150747538 -0.669405043 3.960643053 -0.091409363 0.713011384 0.013607055 0.695035219
1724940205.822053432 3.200049877 -0.684989631 3.958176613 -0.084551431 0.722269297 0.018070364 0.686186254
1724940206.589546680 3.356781483 -0.694332838 3.909689665 -0.052182566 0.759841800 0.018215152 0.647754312
1724940206.856676102 3.394978523 -0.683960915 3.876508474 -0.045997109 0.742330372 0.004522814 0.668438077
1724940206.990250826 3.417888880 -0.706920862 3.830954075 -0.063736595 0.727899313 -0.009556865 0.682648540
1724940207.123783350 3.437286615 -0.705234170 3.807234049 -0.068678334 0.719473720 -0.021316629 0.690786958
1724940207.257175922 3.447982788 -0.714451194 3.766752005 -0.068808518 0.700890124 -0.019414971 0.709677041
1724940207.623999119 3.493346214 -0.713010490 3.692514181 -0.087597333 0.683644414 -0.012822636 0.724425733
1724940207.857426643 3.510619164 -0.697028041 3.682193279 -0.082089439 0.679142237 -0.011074407 0.729317784
1724940208.190898895 3.537700891 -0.714538932 3.692357063 -0.086159036 0.683907092 -0.003818747 0.724453688
1724940208.324295282 3.555719137 -0.711264372 3.715925694 -0.086417735 0.703919768 -0.008015071 0.704957247
1724940208.724476814 3.574360132 -0.696428537 3.853904724 -0.071011804 0.725850224 -0.010174159 0.684101820
1724940209.124650240 3.577341795 -0.703197718 3.915897608 -0.072084308 0.717177868 -0.006330003 0.693123162
1724940209.358090639 3.579433918 -0.700098693 3.924760580 -0.066395201 0.713315248 -0.004520177 0.697676599
1724940210.459449291 3.643366814 -0.742884457 3.638718843 -0.071354844 0.676229239 -0.015016284 0.733073711
1724940210.593175411 3.650472879 -0.733924568 3.626027107 -0.061164185 0.669859111 -0.011935991 0.739868402
1724940210.860647678 3.692239285 -0.751443207 3.553667307 -0.057280030 0.652718604 -0.002881733 0.755426526
1724940211.061269760 3.739216805 -0.757162333 3.504371881 -0.061156292 0.646170616 0.002014769 0.760736108
1724940211.228082418 3.788267612 -0.768074870 3.490250111 -0.068834551 0.656140864 -0.008477097 0.751444757
1724940211.394800186 3.834706545 -0.774804771 3.458180904 -0.067906171 0.653225958 -0.011637088 0.754022002
1724940211.561515570 3.878885269 -0.770290673 3.437274694 -0.057931662 0.665040076 -0.024550464 0.744152486
1724940211.728228331 3.915969849 -0.771748662 3.399768591 -0.060832705 0.663437366 -0.021775277 0.745436907
1724940211.861596346 3.943009853 -0.774333954 3.381813765 -0.057086587 0.671366334 -0.029380282 0.738339484
1724940212.028304577 3.981515646 -0.783197284 3.309825182 -0.052420523 0.652064264 -0.023068078 0.755997479
1724940212.161672592 4.010435104 -0.780354679 3.266622066 -0.059161402 0.639842451 -0.027565291 0.765729547
1724940212.295041084 4.052033424 -0.780968904 3.178760767 -0.066771545 0.605516434 -0.030846832 0.792426646
1724940212.528431177 4.103404045 -0.792374611 3.102318525 -0.096654929 0.566636801 -0.041517708 0.817225158
1724940212.828494787 4.152928352 -0.783965170 3.068650246 -0.097666070 0.563367605 -0.027171863 0.819963396
1724940213.261930227 4.311490059 -0.798211396 2.949178219 -0.093963921 0.547250867 -0.022781674 0.831365228
1724940213.395303965 4.335690498 -0.774975717 2.937898159 -0.081308283 0.561135352 -0.036076501 0.822930515
1724940213.528676033 4.360539436 -0.815801024 2.921623945 -0.086511679 0.561280072 -0.032293674 0.822458208
1724940213.728730917 4.413579941 -0.793073654 2.871648073 -0.072219647 0.552059591 -0.047675475 0.829301894
1724940214.195516825 4.496789932 -0.849255204 2.806780338 -0.074962273 0.493672132 -0.049839694 0.864976645
1724940214.328886271 4.529007435 -0.840333462 2.773712635 -0.071876593 0.450656921 -0.065857679 0.887358367
1724940214.462253571 4.491832733 -0.855034769 2.791958809 -0.078395680 0.427148104 -0.067837723 0.898218632
1724940214.695641756 4.504404068 -0.854291618 2.745845318 -0.089667596 0.401104689 -0.051717117 0.910164893
1724940214.862343788 4.466197968 -0.826241434 2.743405104 -0.093704022 0.410383642 -0.042714126 0.906079710
1724940215.195977926 4.495456219 -0.843228638 2.664313316 -0.087407604 0.431322962 -0.054346796 0.896307349
1724940215.897864103 4.407680511 -0.897396624 2.578439713 -0.069184653 0.393133581 -0.038936295 0.916047752
1724940216.165184021 4.353553772 -0.880467355 2.583472967 -0.067096442 0.350119710 -0.055490494 0.932649493
1724940216.832797289 4.343442917 -0.904612958 2.537352562 -0.081663355 0.324528366 -0.041250590 0.941440821
1724940216.999722958 4.331972599 -0.920072794 2.546620846 -0.075124994 0.308186501 -0.052566290 0.946897089
1724940217.133302927 4.327310562 -0.950734913 2.542443752 -0.075374335 0.284684628 -0.050549414 0.954315543
1724940217.300414324 4.335713387 -0.968179226 2.540677071 -0.083447203 0.242410809 -0.036932655 0.965872407
1724940217.835233450 4.323930264 -1.052080989 2.562601805 -0.101491213 0.128990531 -0.051414069 0.985097766
1724940218.369365215 4.323458195 -1.093285441 2.524849415 -0.057052135 0.087200500 -0.048409384 0.993376911
1724940218.536038876 4.310486317 -1.125717402 2.505483389 -0.060706709 0.064657353 -0.050229989 0.994791985
1724940218.669374228 4.340931416 -1.130594969 2.487638712 -0.065380149 0.040339366 -0.048899274 0.995844901
1724940219.703333139 4.218199730 -1.119765878 2.403299332 -0.079507805 -0.028818754 -0.039064828 0.995651543
1724940220.037025452 4.165470123 -1.081355095 2.338007689 -0.061651945 -0.011980209 -0.032155853 0.997507691
1724940220.137133360 4.166243553 -1.086587787 2.322273493 -0.051060032 -0.001707785 -0.026702527 0.998337090
1724940220.437180996 4.163905621 -1.098860383 2.271704197 -0.046156902 0.015285362 -0.020609567 0.998604596
1724940220.603823185 4.470580101 -1.025462627 2.229600191 -0.024327496 -0.061492313 -0.031112079 0.997325897
1724940220.737132788 4.297736168 -1.082186699 2.208248138 -0.049285270 -0.057322316 -0.037925020 0.996417046
1724940221.070390463 4.145253181 -1.069128990 2.187628508 -0.051792223 -0.016239846 -0.042105716 0.997637689
1724940221.270349264 4.294142723 -1.037518263 2.130773544 -0.034661736 -0.018200671 -0.022351187 0.998983383
1724940221.436998606 4.164144039 -1.095943928 2.120223045 -0.056960441 0.003847215 -0.024153834 0.998076856
1724940221.570313931 4.160668850 -1.028989077 2.098756313 -0.046227165 0.042635076 -0.026026489 0.997681260
1724940221.703625441 4.162070274 -1.009913683 2.074318171 -0.018739272 0.064912841 -0.037263867 0.997018874
1724940221.836933374 4.200557709 -1.028422713 2.015201569 0.001203283 0.073202901 -0.042358439 0.996416450
1724940222.003562927 4.287270069 -1.069565296 1.910441518 -0.019055847 0.039868709 -0.018818516 0.998845935
1724940222.370558739 4.324270248 -1.105320930 1.795260429 -0.042418852 0.038428288 -0.012881362 0.998277545
1724940222.537612200 4.136872292 -1.071395874 1.779681802 -0.048593573 0.054021623 -0.017688943 0.997199774
1724940223.139060020 4.402509212 -1.037458777 1.684639335 -0.030705214 0.002049826 -0.033525132 0.998964012
1724940223.572434664 4.563962936 -1.070670009 1.608534336 -0.042894080 -0.077162787 -0.040175583 0.995284855
1724940224.072207928 4.408691883 -1.189886212 1.499734163 -0.048987594 -0.050770082 -0.026253071 0.997162700
1724940224.940289259 4.479753017 -1.214809775 1.239461303 -0.053869396 -0.062574893 -0.014875118 0.996474385
1724940225.573984861 4.572730541 -1.245259881 1.116796970 -0.064487502 -0.137939349 -0.027505774 0.987956285
1724940225.707234859 4.590047836 -1.233631253 1.090026379 -0.068153687 -0.148165673 -0.015729895 0.986486018
1724940225.873789549 4.614655972 -1.241221547 1.054782510 -0.081184700 -0.168986768 -0.020382253 0.982057571
1724940226.073643446 4.621654510 -1.233419776 1.014690518 -0.085283890 -0.184656695 -0.018644722 0.978918254
1724940226.740645170 4.596792698 -1.246627450 0.875683904 -0.091141947 -0.204314426 -0.025622100 0.974316299
1724940226.874096394 4.593870163 -1.237552404 0.840044975 -0.089461811 -0.211419955 -0.031875581 0.972770333
1724940227.007550478 4.603858948 -1.231607676 0.793847561 -0.096370511 -0.234568790 -0.023742059 0.967019379
1724940227.174373388 4.597794056 -1.254281521 0.782863081 -0.104526065 -0.250388950 -0.035830304 0.961819053
1724940227.408143759 4.609166145 -1.245758176 0.752604246 -0.108598918 -0.257860392 -0.043439668 0.959076285
1724940227.608556509 4.621689320 -1.233886719 0.733449578 -0.115972519 -0.272712857 -0.037586544 0.954340279
1724940227.875784159 4.632939816 -1.236411452 0.722316563 -0.124460496 -0.300948381 -0.044266582 0.944446981
1724940228.243152857 4.640112877 -1.218267679 0.717501044 -0.120703585 -0.337732315 -0.053617064 0.931929588
1724940228.642932415 4.651290894 -1.211429596 0.719920754 -0.103930369 -0.348132759 -0.046179172 0.930521131
1724940229.342468500 4.660195351 -1.209932327 0.733293593 -0.106742390 -0.355221212 -0.047385428 0.927458167
1724940231.243824720 4.658037186 -1.229314804 0.747120202 -0.106375717 -0.361224532 -0.047297157 0.925183296
1724940231.511244774 4.665084839 -1.230106473 0.746196091 -0.102953792 -0.388697982 -0.044190567 0.914528131
1724940231.778703451 4.675771713 -1.220557451 0.752170563 -0.103600562 -0.419871539 -0.028964357 0.901185811
1724940232.046200514 4.679008484 -1.249362946 0.767362595 -0.109385200 -0.448635727 -0.013673725 0.886889994
1724940232.546613455 4.675320148 -1.262227774 0.795592308 -0.113365278 -0.506272972 -0.020838220 0.854635477
1724940233.012849092 4.659132004 -1.271843910 0.834813595 -0.097355418 -0.548827410 -0.024384089 0.829889119
1724940233.379352093 4.660570145 -1.275776148 0.902649879 -0.084183261 -0.584169209 -0.031152651 0.806652904
1724940233.779611349 4.657447338 -1.271331906 0.979935884 -0.092346624 -0.611578822 -0.030165242 0.785196543
1724940234.146535158 4.618704319 -1.269855261 1.037744761 -0.079955518 -0.633180559 -0.026758116 0.769398153
1724940234.513144255 4.549132347 -1.259608030 1.110655546 -0.063940778 -0.654389501 -0.024234721 0.753059506
1724940234.879595518 4.460938931 -1.250101089 1.192198992 -0.047692087 -0.695297837 -0.011333270 0.717048168
1724940235.246006012 4.407348633 -1.230810046 1.285505056 -0.038742915 -0.735304773 -0.006957624 0.676592648
1724940235.546024084 4.380565166 -1.219162107 1.388623238 -0.032553777 -0.790587425 -0.015159761 0.611295223
1724940235.579358816 4.381126881 -1.220414758 1.403168678 -0.035474394 -0.798357308 -0.015623016 0.600935221
1724940235.912701130 4.336615086 -1.209066987 1.494774818 -0.039404362 -0.844982684 -0.013147611 0.533178031
1724940236.246033192 4.276336193 -1.201263905 1.531977654 -0.030777404 -0.873524368 -0.007626813 0.485746622
1724940236.545989990 4.189793110 -1.198600054 1.544622421 -0.020409644 -0.891464233 -0.001552411 0.452628493
1724940236.845858574 4.077974796 -1.202057242 1.554115295 -0.005443360 -0.900867462 0.001106197 0.434058756
1724940237.212330341 3.983599424 -1.193091869 1.573698997 -0.015165885 -0.909469366 0.013864920 0.415262818
1724940237.345669746 3.958873034 -1.184929132 1.587750912 -0.020610049 -0.916282117 0.022178341 0.399387628
1724940237.579459429 3.908206701 -1.173710823 1.625067234 -0.008356620 -0.930793941 0.029789133 0.364232600
1724940237.779857397 3.857481718 -1.173980117 1.664855480 0.007724263 -0.947381735 0.019459628 0.319420725
1724940237.880058765 3.837829590 -1.168799639 1.676870346 0.019067099 -0.951787949 0.016026467 0.305743903
1724940237.980261564 3.817645550 -1.159549356 1.682202339 0.018948417 -0.959188044 0.009918446 0.281959236
1724940238.080466032 3.795171976 -1.154699445 1.698058128 0.020176100 -0.965264857 0.004060529 0.260461509
1724940238.280879259 3.753103018 -1.146309495 1.693874359 0.018890731 -0.969979227 0.006199021 0.242373928
1724940238.414346457 3.716788292 -1.144527912 1.680250645 0.019170012 -0.973677814 0.011591732 0.226825267
1724940238.481057644 3.696272373 -1.141377568 1.681074142 0.016650058 -0.973616421 0.011419861 0.227296010
1724940238.714552164 3.624255657 -1.140123844 1.623079300 0.008778837 -0.972740531 0.004527457 0.231685668
1724940238.814623833 3.582866669 -1.147038460 1.596292973 0.014513994 -0.972580910 0.004661378 0.232064784
1724940238.881339073 3.551885843 -1.147609234 1.577019691 0.020699617 -0.970202982 0.008042022 0.241273701
1724940239.014771461 3.514859676 -1.156155109 1.537025928 0.022688977 -0.964799345 0.014008990 0.261631995
1724940239.114847660 3.494204521 -1.158368111 1.509763241 0.016226575 -0.963426769 0.023419164 0.266452968
1724940239.348324060 3.426680326 -1.148147225 1.459075451 0.009246451 -0.963235021 0.026499540 0.267190099
