#timestamp tx ty tz qx qy qz qw
41206.774503000 0.000000000 0.000000000 0.000000000 -0.000000000 -0.000000000 -0.000000000 1.000000000
41207.642449999 -0.061129112 -0.028421275 0.002623674 0.014228060 -0.028792467 -0.027042074 0.999118268
41207.675879000 -0.062882945 -0.032538954 -0.001029014 0.017858138 -0.027278537 -0.027236592 0.999097168
41208.009187000 -0.098181091 -0.052063979 0.023513835 0.049451757 -0.012691443 -0.032509856 0.998166621
41208.076052999 -0.095255755 -0.059966356 0.029210543 0.058056884 -0.015662843 -0.033637878 0.997623444
41208.176255999 -0.086936429 -0.078439459 0.032346442 0.072717175 -0.019931046 -0.031818412 0.996645629
41208.242931000 -0.074398413 -0.073838115 0.036121357 0.081152849 -0.023254383 -0.032450430 0.995901823
41208.309606000 -0.063575119 -0.095178448 0.042052105 0.084346235 -0.024029665 -0.036008418 0.995495737
41208.476279000 -0.035700362 -0.099818856 0.054427888 0.107256837 -0.024730688 -0.037561934 0.993213713
41208.643537999 -0.002312186 -0.090865806 0.078214154 0.092289999 -0.035448570 -0.034855723 0.994490385
41208.676875999 0.004545107 -0.081897944 0.085419111 0.086221784 -0.037471581 -0.034882784 0.994959772
41208.743550999 0.015135279 -0.060807571 0.101548880 0.072238699 -0.041657604 -0.035796847 0.995873928
41208.776888000 0.026803143 -0.054050684 0.106391184 0.062887102 -0.046203524 -0.034166180 0.996364951
41208.910237999 0.037513413 -0.040408537 0.136878878 0.023128208 -0.059173059 -0.043186247 0.997044921
41209.043588000 0.046320885 -0.038864300 0.154761642 -0.006593416 -0.071542576 -0.048574310 0.996232271
41209.144172000 0.042798508 -0.035124555 0.169109344 -0.020473063 -0.074130997 -0.052183408 0.995671809
41209.244185000 0.034024894 -0.037459522 0.188050374 -0.026640860 -0.074689336 -0.052326534 0.995476604
41209.410844999 0.009268582 -0.040221252 0.193608984 -0.026166793 -0.092978805 -0.063306659 0.993308902
41209.510858000 -0.028571434 -0.045442156 0.194102526 -0.027427116 -0.104340211 -0.075134262 0.991320193
41209.544195000 -0.037903003 -0.049009502 0.191385001 -0.028039701 -0.111612931 -0.077897809 0.990297079
41209.577818999 -0.054426149 -0.049023923 0.190299809 -0.027823301 -0.118768498 -0.079049788 0.989379108
41209.611442000 -0.065071374 -0.051252149 0.190935940 -0.028368348 -0.128101766 -0.080981515 0.988042116
41209.678117000 -0.086985856 -0.053153846 0.198369488 -0.028755356 -0.145392314 -0.086436175 0.985171556
41209.744791999 -0.115116522 -0.058727417 0.201409638 -0.025746273 -0.154667854 -0.094229661 0.983125508
41209.811466999 -0.149728507 -0.054843724 0.202970102 -0.023968130 -0.159093231 -0.102787673 0.981605649
41209.844804000 -0.168088093 -0.057926223 0.203591302 -0.025090221 -0.162258431 -0.105724037 0.980747223
41209.878142000 -0.189101323 -0.060899749 0.206144944 -0.025011273 -0.166632101 -0.108419672 0.979721069
41209.911479000 -0.200160950 -0.064896159 0.207123637 -0.023941578 -0.175934270 -0.109508522 0.977998912
41209.944817000 -0.214605317 -0.069087893 0.207105458 -0.022825651 -0.183591798 -0.110501885 0.976505220
41209.978153999 -0.230358511 -0.068329744 0.204898879 -0.020261507 -0.190767661 -0.112817891 0.974920154
41210.011491999 -0.248774320 -0.068853520 0.201588631 -0.019423131 -0.196605697 -0.114247076 0.973610103
41210.078453000 -0.271183193 -0.068107061 0.204717636 -0.018755073 -0.208969206 -0.116860084 0.970733643
41210.112075999 -0.286424190 -0.062878191 0.203447521 -0.019458273 -0.212249622 -0.119348347 0.969704866
41210.145412999 -0.299161941 -0.064733878 0.213523120 -0.021931581 -0.216050774 -0.121471263 0.968548298
41210.212088000 -0.327229619 -0.075374365 0.210353121 -0.021586493 -0.220761120 -0.124071836 0.967163265
41210.312101000 -0.357795566 -0.068723060 0.213204175 -0.021320133 -0.232792854 -0.127583474 0.963885546
41210.378775999 -0.383169830 -0.073369324 0.220695734 -0.026417186 -0.238827124 -0.136060700 0.961119771
41210.445450999 -0.408899605 -0.075569421 0.221276283 -0.026384506 -0.245447382 -0.143306375 0.958395898
41210.478788000 -0.421459585 -0.078440540 0.223707318 -0.026699688 -0.249691054 -0.147153780 0.956706464
41210.545463000 -0.438879043 -0.077585004 0.235848010 -0.027082501 -0.259412199 -0.152303666 0.953297138
41210.612710000 -0.465784520 -0.082078032 0.247130170 -0.030754540 -0.268237531 -0.160113215 0.949455917
41210.646049000 -0.479090095 -0.083260179 0.253073782 -0.030823270 -0.274394840 -0.164470226 0.946946144
41210.679386999 -0.493014663 -0.084267840 0.261851519 -0.030281436 -0.282615602 -0.168432713 0.943844199
41210.712723999 -0.510594189 -0.093423337 0.258969724 -0.030361405 -0.289587438 -0.171864063 0.941105783
41210.746061999 -0.518877149 -0.087615453 0.265164942 -0.027155275 -0.299739540 -0.174048871 0.937617064
41210.779398999 -0.535665154 -0.100281321 0.265661418 -0.028760444 -0.308473945 -0.176233366 0.934322476
41210.812737000 -0.542548597 -0.102272652 0.272593051 -0.027382359 -0.320232332 -0.177077323 0.930239320
41210.879412000 -0.569440365 -0.123014815 0.279609889 -0.027027303 -0.339963257 -0.182199910 0.922224343
41210.912749000 -0.589700282 -0.127504677 0.276307821 -0.024186317 -0.348661870 -0.184881419 0.918514431
41210.946086999 -0.592719138 -0.138307527 0.286234379 -0.020882050 -0.362097949 -0.187625900 0.912822843
41211.079723000 -0.596430182 -0.166031480 0.299569994 -0.014073197 -0.405089527 -0.201347962 0.891719341
41211.146682999 -0.609321117 -0.159911752 0.311479121 -0.014683519 -0.418533087 -0.208894774 0.883729339
41211.246696000 -0.641740501 -0.184378251 0.325991243 -0.019251209 -0.426950604 -0.224699125 0.875701368
41211.446687000 -0.710706830 -0.187645361 0.355588943 -0.011400300 -0.429663509 -0.226319462 0.874093115
41211.546699999 -0.753634274 -0.199609444 0.359344274 -0.007792066 -0.418116152 -0.221359625 0.880975664
41211.647283999 -0.800069630 -0.193792135 0.366987705 0.001589636 -0.404369235 -0.208736897 0.890456021
41211.680620999 -0.814907432 -0.185381830 0.369709790 0.001834602 -0.398173481 -0.205768496 0.893931687
41211.747296000 -0.848878086 -0.191188484 0.376472533 -0.004265116 -0.381984085 -0.203185752 0.901546240
41211.780634000 -0.865812659 -0.186757326 0.378292680 -0.005800589 -0.371694148 -0.199904338 0.906558394
41211.880645999 -0.913174868 -0.181338981 0.385220200 -0.018883763 -0.346186757 -0.186167210 0.919314921
41211.947320999 -0.944018483 -0.185952023 0.389070272 -0.028859802 -0.332842976 -0.177462146 0.925683439
41211.980659000 -0.955035031 -0.185880437 0.388016641 -0.032556213 -0.328383893 -0.173898086 0.927827358
41212.080956999 -0.990755260 -0.194379807 0.392340004 -0.041332178 -0.323347986 -0.176218465 0.928808272
41212.181255000 -1.028114557 -0.196788415 0.390417546 -0.037977032 -0.326076478 -0.181876138 0.926905036
41212.214592999 -1.038436294 -0.201717705 0.391905248 -0.037625052 -0.330058843 -0.183380306 0.925212026
41212.247929999 -1.050380230 -0.199350789 0.387018919 -0.035387203 -0.333626330 -0.186297655 0.923436224
41212.281267999 -1.063237190 -0.199157640 0.386853129 -0.034863137 -0.338699788 -0.189582393 0.920937300
41212.314604999 -1.081525326 -0.196229577 0.390545219 -0.034167770 -0.346042007 -0.193844676 0.917339504
41212.347943000 -1.087848186 -0.201253593 0.391910195 -0.033135973 -0.357339323 -0.197601661 0.912230372
41212.381280000 -1.095831394 -0.210851729 0.385231137 -0.031634778 -0.368120730 -0.199901164 0.907483339
41212.414618000 -1.101842880 -0.212533697 0.370448709 -0.026951019 -0.378894180 -0.202940911 0.902511954
41212.481292999 -1.115774512 -0.214204073 0.374477297 -0.019663395 -0.404019505 -0.205715209 0.891102016
41212.615213999 -1.141914606 -0.230517164 0.360359967 -0.010887167 -0.445266724 -0.212827951 0.869668484
41212.681896000 -1.151902437 -0.240698338 0.359548986 -0.006482446 -0.462018967 -0.216625601 0.859982431
41212.781930999 -1.165293932 -0.239189297 0.368274450 0.000687565 -0.480230778 -0.225203142 0.847739041
41212.981956000 -1.184045792 -0.259331763 0.368789673 0.005791166 -0.517744422 -0.243721277 0.820065320
41213.149214999 -1.205563068 -0.255635262 0.396937668 0.015290998 -0.548813164 -0.253094107 0.796563685
41213.249228000 -1.232521653 -0.262161940 0.393472791 0.010514563 -0.560689747 -0.264169484 0.784685254
41213.282565000 -1.238489866 -0.263882309 0.397974610 0.011545199 -0.566637337 -0.264423400 0.780300677
41213.415913999 -1.265643001 -0.258494169 0.405116200 0.012768210 -0.585813165 -0.265832216 0.765501916
41213.482588999 -1.296353817 -0.256400377 0.416476130 0.015244269 -0.589843452 -0.271197110 0.760463238
41213.582887999 -1.339284182 -0.264456987 0.405915022 0.023733959 -0.593866110 -0.271682203 0.756933570
41213.649806000 -1.361569047 -0.275403857 0.391274691 0.032905355 -0.600512385 -0.271071374 0.751546681
41213.916469999 -1.423581600 -0.257568240 0.393004417 0.048785511 -0.626177847 -0.267388374 0.730769992
41214.049820000 -1.457621217 -0.252923012 0.392982602 0.041157622 -0.633995950 -0.265016317 0.725342333
41214.083444000 -1.465656638 -0.253464460 0.387949347 0.036522251 -0.634589255 -0.270697027 0.722970068
41214.317091999 -1.549272656 -0.250095248 0.423822284 0.019725554 -0.656266868 -0.282719463 0.699281335
41214.483779000 -1.595713854 -0.256780624 0.460090518 0.012956372 -0.676499844 -0.297724605 0.673453867
41214.617701000 -1.647337198 -0.284087896 0.487156987 0.015899805 -0.689253449 -0.316286713 0.651643753
41214.784388000 -1.671076775 -0.279844463 0.535865188 0.024867030 -0.708334148 -0.322725207 0.627290189
41214.884401000 -1.689365983 -0.303121746 0.544600129 0.021610785 -0.717576921 -0.331240505 0.612287581
41215.084733000 -1.723372102 -0.308056712 0.562576532 0.017858760 -0.739937425 -0.342178792 0.578867316
41215.118355999 -1.729346395 -0.308756471 0.562396765 0.017922083 -0.743942142 -0.343466789 0.572939336
41215.185031000 -1.739501715 -0.300734878 0.570061564 0.020006908 -0.753828764 -0.345460057 0.558569074
41215.285043000 -1.779257059 -0.303426504 0.583655596 0.020510575 -0.763708234 -0.354079306 0.539404154
41215.351717999 -1.811381698 -0.300802112 0.587111712 0.021894127 -0.766424775 -0.357177287 0.533421159
41215.518396999 -1.848593950 -0.277928352 0.571667671 0.035671167 -0.772934258 -0.366522223 0.516683340
41215.718951000 -1.959255934 -0.293358326 0.539057374 0.027825655 -0.775429904 -0.387932092 0.497436315
41215.752288000 -1.967386723 -0.292417943 0.531497955 0.030504435 -0.778141499 -0.383421153 0.496541560
41215.818962999 -1.965655446 -0.261080682 0.549797773 0.033330895 -0.785276771 -0.372716159 0.493266821
41215.852300999 -1.982545018 -0.259158373 0.557035685 0.025327358 -0.786287010 -0.376233965 0.489447951
41215.952313000 -2.027554274 -0.274440110 0.531617761 0.016473547 -0.788663089 -0.386966109 0.477489620
41215.985651000 -2.040772915 -0.277717710 0.530965686 0.017117048 -0.792227328 -0.386228085 0.472134352
41216.018988000 -2.049306393 -0.274752378 0.527138829 0.018339930 -0.795791328 -0.383981735 0.467907935
41216.052325999 -2.038461208 -0.256202638 0.531814456 0.020341311 -0.799880147 -0.379594862 0.464419812
41216.152909999 -2.100207329 -0.285308361 0.539440393 0.011503748 -0.809506416 -0.388543069 0.440001488
41216.252921999 -2.111115217 -0.260391057 0.547304392 0.023478271 -0.819845378 -0.387678146 0.420723200
41216.286260000 -2.117753267 -0.262814164 0.546157718 0.022997936 -0.823289394 -0.389940828 0.411839515
41216.319597000 -2.129326820 -0.273276091 0.551783204 0.020220237 -0.828996360 -0.391139984 0.399206311
41216.452946999 -2.144909620 -0.275138974 0.554099202 0.010807026 -0.851046562 -0.387154341 0.354562372
41216.552960000 -2.151352167 -0.262444556 0.539307952 0.004392903 -0.859557629 -0.395723760 0.323332936
41216.653544000 -2.161180735 -0.258418381 0.514192224 0.000757557 -0.864321053 -0.400940806 0.303636342
41216.686881000 -2.163317680 -0.258811772 0.503825545 -0.000046635 -0.866172850 -0.401499689 0.297561109
41216.920253999 -2.179188251 -0.237241179 0.445583224 0.009233954 -0.876185536 -0.400792211 0.267543226
41217.120850999 -2.174299479 -0.205648094 0.373328805 0.021149740 -0.882730484 -0.395419598 0.252948374
41217.154188000 -2.168972969 -0.200944692 0.362743139 0.018961322 -0.884648740 -0.393750101 0.248994023
41217.387516000 -2.157948494 -0.163200468 0.300234675 0.009166862 -0.892777443 -0.399624914 0.207760349
41217.454190999 -2.156049252 -0.158185124 0.286432862 0.005655604 -0.892667651 -0.406509608 0.194582745
41217.487528999 -2.155299664 -0.159506857 0.272913992 0.004209941 -0.892894506 -0.409464866 0.187243760
41217.520865999 -2.152647018 -0.164052486 0.263011932 0.003242655 -0.894671261 -0.409095347 0.179426238
41217.721369999 -2.170295477 -0.149934188 0.273167133 -0.007203633 -0.904693842 -0.404446572 0.133791387
41217.821383000 -2.186962843 -0.158238277 0.246719629 -0.008058205 -0.904123843 -0.412447691 0.111274689
41217.954732999 -2.219609737 -0.177338421 0.245253667 -0.005779353 -0.911992490 -0.401829332 0.082276940
41217.988069999 -2.233801842 -0.180243760 0.245713100 -0.001806190 -0.914871693 -0.396467209 0.076290473
41218.155520000 -2.264819860 -0.192453265 0.238330722 0.016954891 -0.922984362 -0.377371937 0.073504008
41218.188857000 -2.263417482 -0.206553191 0.227535173 0.019244431 -0.925004840 -0.372529417 0.072232589
41218.322206999 -2.297282934 -0.207758009 0.247925803 0.020803211 -0.934627473 -0.348489225 0.067778766
41218.488895000 -2.321473360 -0.227110833 0.232546270 0.023726476 -0.935336053 -0.344805300 0.075450622
41218.555569999 -2.329286575 -0.233719811 0.239159063 0.026118090 -0.939090788 -0.335815310 0.068223372
41218.956266000 -2.358684778 -0.221635371 0.265125453 0.015563449 -0.935844362 -0.350382090 0.034430776
41219.289995999 -2.378598213 -0.183123797 0.293998003 0.001816192 -0.921890259 -0.386467487 0.027530355
41219.857300000 -2.275184631 -0.174082324 0.284977734 0.013800613 -0.914253056 -0.404693872 0.013185530
41219.890636999 -2.271441698 -0.169517964 0.278678477 0.011447976 -0.914171517 -0.405099243 0.007353114
41219.957311999 -2.247694254 -0.172777385 0.283447683 -0.011067264 0.913923860 0.405673265 0.007066532
41219.990649999 -2.241946220 -0.174824983 0.284711301 -0.009531249 0.913245142 0.406992644 0.015798122
41220.090947999 -2.213202953 -0.170921981 0.285241485 -0.009853337 0.909067333 0.414590299 0.040179700
41220.191246000 -2.185433149 -0.169046879 0.285990715 -0.010697491 0.906198204 0.418963909 0.056210324
41220.224584000 -2.178840399 -0.178210020 0.285988808 -0.009393998 0.904283881 0.421566904 0.066812098
41220.257920999 -2.160020113 -0.186642766 0.288301945 -0.011455862 0.902690053 0.423385769 0.075920738
41220.291258999 -2.158852100 -0.175561130 0.286182880 -0.011435188 0.902396500 0.421753943 0.087598629
41220.324595999 -2.143346310 -0.170798182 0.284170151 -0.013683009 0.901895940 0.420420408 0.098199636
41220.357933999 -2.148036718 -0.175986588 0.268873215 -0.006014485 0.902390063 0.416322768 0.111047082
41220.391271000 -2.191186428 -0.176963270 0.271959662 0.003650600 0.902492821 0.409141451 0.134523943
41220.457946000 -2.156336784 -0.169002831 0.315945745 -0.003605104 0.903639555 0.400870621 0.150749475
41220.524620999 -2.180621147 -0.168566883 0.296436071 0.002592448 0.901845455 0.398987055 0.165763155
41220.825274000 -2.152993202 -0.158413410 0.294787526 -0.016593508 0.896620393 0.405197322 0.177796587
41221.159220000 -2.124971390 -0.161895573 0.292788267 -0.014881132 0.903163254 0.383238047 0.192881435
41221.225895000 -2.102375031 -0.168160498 0.286584139 -0.014848646 0.901913166 0.383685648 0.197781488
41221.292569999 -2.089586973 -0.170085192 0.284043908 -0.011760194 0.900439322 0.382928699 0.206001014
41221.359244999 -2.060354233 -0.162723184 0.289690971 -0.010509032 0.900056839 0.379364341 0.214172706
41221.425920000 -2.043173790 -0.165490806 0.283751965 -0.007459887 0.897946000 0.377828896 0.225571975
41221.459258000 -2.032891750 -0.166940272 0.282247543 -0.005585615 0.897115529 0.376839191 0.230531543
41221.525932999 -2.013649464 -0.170082986 0.271346092 -0.000385237 0.896484554 0.372900128 0.239292398
41221.559280000 -2.005076885 -0.171925306 0.265193462 0.002889859 0.897776127 0.367948800 0.242081419
41221.726528999 -1.976129055 -0.164171040 0.267840862 0.017322304 0.904978514 0.346276999 0.246588871
41221.826541000 -1.947992682 -0.170600951 0.242329597 0.014530779 0.904318988 0.341491133 0.255694866
41221.893168000 -1.943251967 -0.167003155 0.241980910 0.017379673 0.905598462 0.329522789 0.266466022
41221.993179999 -1.912368059 -0.177130580 0.227454901 0.013029116 0.904039919 0.317631125 0.285749018
41222.093479000 -1.902329326 -0.177523136 0.207964897 0.023881085 0.904502988 0.299158901 0.302998424
41222.260452000 -1.952862024 -0.187919825 0.184149742 0.040323518 0.903116703 0.277054459 0.325568855
41222.727677000 -1.966769457 -0.196138501 0.131831884 0.035582915 0.892706931 0.263171792 0.364072561
41223.394998999 -1.960049868 -0.210203350 0.145771742 0.034331359 0.873488605 0.257193685 0.411934972
41225.030236999 -1.762201548 -0.179802537 0.237872839 0.027180593 0.852346241 0.319260150 0.413328052
41225.197496000 -1.726098180 -0.192077100 0.250040531 0.027766446 0.856985390 0.315456569 0.406561583
41225.530871000 -1.644326925 -0.195889890 0.236753821 0.011847848 0.860577106 0.309676290 0.404187292
41225.764804999 -1.616322279 -0.175713658 0.204601288 0.006905371 0.861195385 0.295674503 0.413365990
41225.864809999 -1.602174520 -0.176424980 0.167192459 0.008435987 0.855815947 0.292364061 0.426651061
41225.964766999 -1.593999863 -0.178995371 0.145757198 0.020363932 0.853313565 0.283001065 0.437437624
41226.232038000 -1.580128193 -0.154505968 0.097823143 0.024677387 0.836423159 0.266725123 0.478168428
41226.432063000 -1.545668602 -0.143302023 0.066061854 0.029360728 0.827732027 0.269236714 0.491435915
41226.665996999 -1.483865976 -0.130473614 0.044538617 0.035988491 0.826635540 0.266625971 0.494256139
41226.866022000 -1.421756744 -0.137889087 0.043268323 0.028174257 0.824143350 0.263892263 0.500354707
41226.966031999 -1.388991117 -0.137154579 0.048271537 0.026766395 0.819597363 0.261813074 0.508918107
41227.032706999 -1.365354061 -0.137524217 0.052065253 0.025005799 0.814899445 0.263027519 0.515878081
41227.099668000 -1.344190240 -0.140562177 0.060116887 0.024608606 0.807801247 0.265397787 0.525752425
41227.133290999 -1.332368612 -0.142220378 0.060586333 0.025461029 0.803089797 0.267575741 0.531791031
41227.233303000 -1.308284998 -0.146574378 0.067106605 0.030018836 0.788674235 0.268793792 0.552124739
41227.299959999 -1.280138254 -0.136756778 0.070409536 0.033109911 0.780515611 0.269839823 0.562925935
41227.333296999 -1.270805955 -0.140659928 0.071958303 0.035440948 0.775422335 0.270114928 0.569650829
41227.366634999 -1.250967622 -0.125152946 0.074340701 0.037835006 0.770316958 0.264637440 0.578919113
41227.399971999 -1.264633536 -0.134280384 0.086607814 0.046544392 0.756687462 0.263666391 0.596437633
41227.433310000 -1.264218092 -0.128869206 0.082092643 0.047928497 0.748279691 0.266702741 0.605516434
41227.499985000 -1.252297521 -0.126701713 0.077826142 0.037131488 0.735759735 0.271690130 0.619244158
41227.633906000 -1.238310456 -0.116457254 0.068455815 0.035625212 0.723050594 0.273966640 0.633143723
41227.733918999 -1.237836599 -0.108807415 0.062134743 0.025469152 0.712368190 0.275004268 0.645178735
41227.867269000 -1.237137914 -0.088570833 0.040098548 0.023280161 0.699706197 0.276004732 0.658551991
41228.000618999 -1.236369252 -0.073366761 0.012268543 0.024439344 0.685749829 0.283052474 0.670097888
41228.067294000 -1.240151763 -0.063618630 0.000248313 0.023689032 0.679781377 0.283349633 0.676054180
41228.367847000 -1.243652940 -0.027309090 -0.057783484 0.043091215 0.648506761 0.261588871 0.713549852
41228.467858999 -1.241862297 -0.021344423 -0.074994564 0.042640746 0.646364987 0.253152668 0.718545616
41228.534533999 -1.239822626 -0.021238774 -0.084447742 0.045707166 0.646846771 0.247133121 0.720017672
41228.635117999 -1.235709906 -0.026082069 -0.094885588 0.049342591 0.645549834 0.236532360 0.724488199
41228.701793000 -1.235984802 -0.033358246 -0.099710584 0.058473188 0.643508852 0.226596117 0.728787661
41228.835142999 -1.250799417 -0.050269574 -0.100786805 0.068899319 0.634661973 0.210157752 0.740466595
41228.901817999 -1.248307467 -0.068948478 -0.102717996 0.072159708 0.629511416 0.206425220 0.745584965
41229.068478000 -1.244014025 -0.075121015 -0.101763606 0.077583291 0.621389389 0.201084286 0.753273666
41229.302411999 -1.244794846 -0.126465246 -0.066170394 0.081464887 0.616490960 0.201441780 0.756785095
41229.335748999 -1.248037100 -0.114235654 -0.069813550 0.092975914 0.609475434 0.197552964 0.762147009
41229.402423999 -1.261805892 -0.139688581 -0.048105240 0.100627646 0.606751502 0.195731297 0.763816774
41229.469099000 -1.275939703 -0.138172090 -0.038600206 0.110317923 0.602827191 0.191830501 0.766570628
41229.636358000 -1.280913949 -0.147045866 -0.005345523 0.099704519 0.593664110 0.189997420 0.775579154
41230.403745000 -1.269308448 -0.110235244 -0.004189849 0.049019117 0.615013659 0.228456110 0.753102422
41230.737674999 -1.308681726 -0.081555337 -0.062966228 0.051642656 0.610185623 0.248868883 0.750380456
41231.338268999 -1.502158403 -0.049957693 -0.085383058 0.054445047 0.634628057 0.266160935 0.723492444
41231.404944000 -1.524636745 -0.046785712 -0.086123705 0.048685886 0.640572369 0.274265707 0.715594232
41231.471619000 -1.539037704 -0.040248394 -0.088631868 0.038468841 0.646177173 0.280865639 0.708582878
41231.538293999 -1.544453859 -0.021885693 -0.097018957 0.028009044 0.651782751 0.289194793 0.700543523
41231.605539999 -1.558824897 -0.019744098 -0.107358575 0.023775499 0.659638464 0.295451730 0.690666437
41231.805565000 -1.583618999 -0.000875950 -0.133894920 0.017933609 0.678438663 0.305124134 0.668055892
41231.872239999 -1.593161821 0.003047824 -0.150169492 0.017358532 0.683561981 0.308710247 0.661165357
41231.938914999 -1.607814312 -0.000487626 -0.173550844 0.018243771 0.689936221 0.310413837 0.653680682
41232.206187000 -1.640650988 0.017827332 -0.230844259 0.024598982 0.691823244 0.288684368 0.661390066
41232.306214999 -1.650572181 0.025272727 -0.244725108 0.022786098 0.682243109 0.282047033 0.674147308
41232.372889999 -1.662806273 0.030932426 -0.254962802 0.019787172 0.669526279 0.277950317 0.688539505
41232.439546000 -1.665452003 0.034809470 -0.262026548 0.016712809 0.658756375 0.273663551 0.700620413
41232.506221000 -1.682763219 0.054241836 -0.287840247 0.014606084 0.641126990 0.267646998 0.719102204
41232.606805000 -1.679364681 0.077235997 -0.314831138 0.015700942 0.621072173 0.267584115 0.736492753
41232.673479999 -1.686780453 0.084135354 -0.324643850 0.019958228 0.610956311 0.263880342 0.746124208
41232.740141000 -1.697978020 0.090426981 -0.333458185 0.022783397 0.598296344 0.261425138 0.757086039
41232.806815999 -1.701562524 0.098563254 -0.342694044 0.024777513 0.583790064 0.260401368 0.768613279
41232.873490999 -1.707796216 0.101958156 -0.349678159 0.024143348 0.568987489 0.258348852 0.780337214
41232.940166000 -1.704802990 0.095473051 -0.338234544 0.021446081 0.558226347 0.259688318 0.787708938
41233.006841000 -1.709466219 0.113637924 -0.351172686 0.022012489 0.539523780 0.252266765 0.802988887
41233.107425000 -1.703901768 0.118437648 -0.349096060 0.023865374 0.520660579 0.251619011 0.815494180
41233.207437999 -1.667113781 0.131262779 -0.353030086 0.021628005 0.498469383 0.250686675 0.829588294
41233.274095000 -1.648261547 0.138234079 -0.351102114 0.019445146 0.489863038 0.246301353 0.836057246
41233.741391000 -1.516299963 0.139575362 -0.322762489 -0.000240589 0.475011259 0.216678724 0.852886021
41233.841401999 -1.495644927 0.140340328 -0.315471709 0.006895165 0.469840825 0.212737024 0.856705904
41233.941414000 -1.467436075 0.137667358 -0.309951127 0.003686842 0.456981182 0.221738443 0.861386478
41234.075049999 -1.430683851 0.127475262 -0.309496880 0.005732721 0.442281991 0.214569241 0.870812178
41234.175347999 -1.396176219 0.122124195 -0.293190300 0.010829174 0.432108462 0.198626786 0.879609227
41234.275360999 -1.493665814 0.102106482 -0.148626387 0.036074180 0.448893011 0.185462713 0.873382747
41234.342036000 -1.503338575 0.129165232 -0.202173412 0.049265973 0.428282410 0.177575678 0.884654760
41234.442047999 -1.468805075 0.148671746 -0.233334661 0.039852411 0.388607949 0.160453394 0.906449318
41234.542061000 -1.508435726 0.138075903 -0.210750431 0.036268108 0.366382241 0.144388825 0.918477297
41234.575684000 -1.496596694 0.124229103 -0.222032070 0.036817696 0.350791693 0.139524624 0.925268948
41234.775995000 -1.463583231 0.129499808 -0.259283364 0.045724645 0.290328473 0.108432077 0.949663699
41235.009383999 -1.418014050 0.089587569 -0.254429519 0.059752606 0.260778069 0.088406652 0.959483564
41235.109938000 -1.395915389 0.080816448 -0.233019188 0.066328473 0.258661181 0.079761967 0.960381687
41235.209949999 -1.366482019 0.044677176 -0.192553222 0.073522545 0.267018646 0.079577446 0.957581818
41235.309962999 -1.377596140 0.014496893 -0.172555819 0.099094786 0.270866811 0.081636362 0.954016209
41235.443313000 -1.355563760 -0.009560540 -0.120922796 0.113038488 0.268668771 0.073535323 0.953746319
41235.576949000 -1.352811098 -0.046996936 -0.034040540 0.110520162 0.268469453 0.078610182 0.953692794
41235.677246999 -1.362823725 -0.114406765 -0.000790119 0.122739673 0.244732499 0.087238632 0.957825840
41235.810597000 -1.337668300 -0.144542992 0.040462613 0.134202749 0.213798970 0.084223695 0.963943005
41235.943946999 -1.336364746 -0.160871729 0.077673346 0.154502586 0.214632422 0.062786788 0.962351143
41236.144543000 -1.346882582 -0.161015600 0.110113293 0.148670256 0.207152635 0.046245072 0.965839684
41236.477967999 -1.340883613 -0.142047375 0.100795940 0.135843277 0.178488567 0.052649967 0.973096371
41236.711831000 -1.330418110 -0.122288123 0.113458231 0.090743326 0.166546136 0.058506221 0.980104625
41237.211894000 -1.331884623 -0.107619502 0.117426708 0.047774252 0.123669341 0.040009238 0.990364969
41237.445256999 -1.339386582 -0.098103322 0.122920550 0.040166851 0.074713416 0.016743530 0.996255100
41237.646424999 -1.346383691 -0.099738732 0.117856152 0.033940192 0.034071300 -0.000626654 0.998842776
41238.080087000 -1.299559593 -0.085676529 0.085095063 0.020645764 -0.031067077 -0.037085101 0.998615682
41238.247030999 -1.313786626 -0.095059559 0.098726556 0.017344942 -0.053684037 -0.038091421 0.997680426
41238.313689000 -1.315675735 -0.091568097 0.102205768 0.016057190 -0.067127831 -0.043563329 0.996663570
41238.413700999 -1.329867601 -0.107454069 0.111857653 0.007043485 -0.086329952 -0.052632965 0.994850397
41238.447038999 -1.341033101 -0.106293850 0.123206906 0.007129345 -0.094043061 -0.054264795 0.994062603
41238.580674999 -1.345304847 -0.109023936 0.151963159 0.009886776 -0.124237455 -0.076753572 0.989230156
41238.714310000 -1.386273861 -0.126399621 0.180375069 0.006115104 -0.134090796 -0.089782648 0.986874580
41238.814322999 -1.408009291 -0.134129152 0.202685967 0.013992829 -0.146366283 -0.100905590 0.983971119
41238.947673000 -1.439225554 -0.144189030 0.233399466 0.011148258 -0.154373527 -0.112293810 0.981547058
41239.014347999 -1.453990102 -0.148437947 0.241728157 0.011939608 -0.164870173 -0.113919966 0.979641557
41239.148268999 -1.475772023 -0.156068787 0.259765863 0.011857116 -0.189092413 -0.115505844 0.975070179
41239.214943999 -1.475299597 -0.151700109 0.262907058 0.008845760 -0.201919869 -0.117793053 0.972252488
41239.314957000 -1.490750194 -0.162657470 0.282517552 -0.001146400 -0.214732155 -0.126203686 0.968484104
41239.448306999 -1.495720983 -0.155640453 0.282744497 0.004781723 -0.230585456 -0.145261273 0.962136507
41239.481643999 -1.504506707 -0.158570930 0.282834202 0.004361496 -0.237892672 -0.150659770 0.959525764
41239.514982000 -1.504977942 -0.167501122 0.279757947 0.007608928 -0.250017226 -0.155499384 0.955642998
41239.615520999 -1.490630388 -0.165322259 0.267967612 0.021438576 -0.283278227 -0.154173464 0.946321487
41239.782113000 -1.486380816 -0.159630224 0.255867511 0.024194278 -0.314515263 -0.181515038 0.931422055
41239.915462999 -1.475634456 -0.161027133 0.246879250 0.020427715 -0.349333555 -0.190651327 0.917170048
41240.048813000 -1.461528778 -0.171195254 0.235313475 0.018375071 -0.382241905 -0.196088597 0.902830422
41240.149586999 -1.444496870 -0.161699980 0.240728229 0.023424814 -0.398325711 -0.202495992 0.894306004
41240.282937000 -1.433729887 -0.167392612 0.230959952 0.026357327 -0.412996471 -0.209606305 0.885891855
41240.416287000 -1.417319775 -0.161674231 0.233254194 0.029204816 -0.429366648 -0.217498988 0.876062572
41240.650221000 -1.411226273 -0.156128168 0.213373184 0.023899864 -0.456411660 -0.230944157 0.858942389
41241.384085999 -1.544202089 -0.119851097 0.154079258 0.001436878 -0.417904615 -0.174893811 0.891496420
41241.684695000 -1.638345480 -0.062367320 0.109077305 -0.016761096 -0.398891330 -0.180699438 0.898861766
41242.051396000 -1.746043205 -0.059960634 0.136625230 -0.030800533 -0.365092129 -0.185896397 0.911702633
41242.218654999 -1.819081068 -0.076125145 0.160384655 -0.048376814 -0.358190566 -0.181152984 0.914627135
41242.485380999 -1.912024260 -0.086786747 0.163170099 -0.057098243 -0.364491463 -0.170462281 0.913689435
41242.719315000 -2.007040501 -0.082870781 0.128313899 -0.049656298 -0.381524384 -0.195064053 0.902177095
41243.019353000 -2.149623632 -0.036764622 0.031599700 -0.016583705 -0.384746790 -0.194027096 0.902246296
41243.286624000 -2.274424076 -0.007621557 -0.104022741 -0.027742527 -0.388033688 -0.186158493 0.902222395
41243.486597000 -2.427785397 0.007542610 -0.160947323 -0.036250103 -0.382995635 -0.213504553 0.898006737
41243.720451000 -2.558823586 0.070600271 -0.230876863 -0.024661340 -0.425783277 -0.220124051 0.877294660
41243.920475999 -2.694432020 0.078397989 -0.251907349 -0.031321507 -0.460224092 -0.218251586 0.859987795
41244.154410000 -2.849365234 0.098735511 -0.300028801 -0.043665726 -0.464614660 -0.218283027 0.857075930
41244.354435000 -3.002458811 0.129340947 -0.346268415 -0.045349173 -0.439262837 -0.202832952 0.873985350
41244.554459999 -3.144209385 0.155763507 -0.406498671 -0.047035493 -0.413601339 -0.171030492 0.893011868
41244.755057000 -3.284432888 0.178550065 -0.466041028 -0.048541408 -0.396770537 -0.156358689 0.903199196
41244.955082000 -3.429896832 0.197693452 -0.513964951 -0.031142633 -0.393387944 -0.148206368 0.906813681
41245.122400000 -3.558482170 0.222010866 -0.546745837 -0.031790435 -0.402242959 -0.133637473 0.905169070
41245.255749999 -3.676453352 0.215217218 -0.557735860 -0.041657690 -0.397351563 -0.144197032 0.905308545
41245.389022000 -3.770125866 0.247212529 -0.573593676 -0.045158591 -0.386898875 -0.160593837 0.906906605
41245.489033999 -3.839901924 0.250042617 -0.590692222 -0.044458494 -0.378450602 -0.161192447 0.910393059
41245.822980999 -4.028447628 0.283131063 -0.658175409 -0.043288872 -0.342492133 -0.131539062 0.929259300
41245.956331000 -4.083676338 0.302135319 -0.707685828 -0.033564128 -0.331612945 -0.114639506 0.935822666
41246.123590000 -4.162629128 0.299274743 -0.719045520 -0.032920793 -0.331369251 -0.121330932 0.935087979
41246.256939999 -4.217752934 0.319403231 -0.735783458 -0.034280330 -0.329063624 -0.116396353 0.936479509
41246.390290000 -4.280200481 0.315211415 -0.720353365 -0.040275134 -0.315877259 -0.111925498 0.941314042
41246.523639999 -4.315678596 0.330190659 -0.727432609 -0.032758772 -0.292581022 -0.115396500 0.948686898
41246.657560999 -4.348563194 0.327522695 -0.727719069 -0.041000340 -0.277201235 -0.113444202 0.953209758
41246.790967000 -4.360359192 0.344270200 -0.765281737 -0.018035591 -0.259768277 -0.107393384 0.959511220
41246.957654999 -4.385673523 0.377780169 -0.809774518 -0.032964829 -0.234894753 -0.107481800 0.965497494
41247.091289999 -4.393279076 0.409523666 -0.852634907 -0.050691295 -0.230628118 -0.110706113 0.965393841
41247.224941000 -4.391586304 0.423160732 -0.878665388 -0.070059024 -0.231333435 -0.099371098 0.965247095
41247.358290999 -4.381572723 0.450604379 -0.898930967 -0.085483409 -0.224692300 -0.096632510 0.965851009
41247.491641000 -4.381164074 0.467238516 -0.920462132 -0.080808617 -0.202985629 -0.103791974 0.970306158
41247.625562000 -4.357893944 0.469227254 -0.928644955 -0.089597419 -0.184951216 -0.087820873 0.974706590
41247.758909999 -4.335847378 0.464428902 -0.904598892 -0.094316058 -0.159315884 -0.082735635 0.979223073
41247.892260000 -4.307149410 0.453797787 -0.888927817 -0.090961516 -0.130351320 -0.070000015 0.984801829
41248.025609999 -4.284312248 0.438869298 -0.871395230 -0.086517237 -0.114689060 -0.061226133 0.987731040
41248.192868999 -4.247855663 0.423356205 -0.848898232 -0.062638335 -0.104608372 -0.066225111 0.990327120
41248.359557000 -4.195625305 0.392816216 -0.816225171 -0.057835940 -0.111840330 -0.050003499 0.990780711
41248.492906999 -4.150386333 0.370462298 -0.780887902 -0.048690781 -0.114038281 -0.046915878 0.991172731
41248.626802999 -4.102970600 0.344213992 -0.740006506 -0.047220688 -0.106807306 -0.039536815 0.992370546
41248.793489999 -4.055473804 0.330496371 -0.691409051 -0.052792307 -0.104335472 -0.036514971 0.992468536
41248.993505999 -4.006763458 0.318252653 -0.647450387 -0.062396161 -0.116906278 -0.036060244 0.990524769
41249.194066999 -3.973441362 0.288353831 -0.591154635 -0.062786072 -0.132346123 -0.039645094 0.988418281
41249.360721999 -3.914010763 0.267646044 -0.529507399 -0.042200543 -0.129692569 -0.034733769 0.990046740
41249.427396999 -3.897881746 0.253898978 -0.503475010 -0.041246634 -0.114867203 -0.033955384 0.991943181
41249.460734000 -3.896026134 0.244655117 -0.485088736 -0.037015088 -0.105889194 -0.029893627 0.993239045
41249.527409000 -3.873989105 0.218584076 -0.468335122 -0.023724958 -0.098880626 -0.022226850 0.994568110
41249.728005999 -3.801557064 0.214353397 -0.410686493 0.003843485 -0.076358564 -0.010668516 0.997015953
41249.928031000 -3.755896807 0.194301978 -0.334828466 -0.033661503 -0.067122258 -0.009000007 0.997136176
41250.195290000 -3.656187773 0.196538806 -0.308591604 -0.024599265 -0.094055302 -0.012936269 0.995178938
41250.461990000 -3.509510279 0.197571263 -0.319379598 -0.026033372 -0.171232358 -0.050119489 0.983610570
41250.762599000 -3.362529755 0.184220731 -0.316345900 -0.034527518 -0.181005865 -0.047156170 0.981743872
41251.062637000 -3.250194788 0.156456575 -0.248513564 -0.047069278 -0.171830401 -0.028027650 0.983602166
41251.096259999 -3.237846136 0.149546266 -0.238887250 -0.046447054 -0.164254159 -0.026521249 0.984966934
41251.296570999 -3.170415401 0.129681498 -0.158978492 -0.038445238 -0.115712740 -0.023065930 0.992270410
41251.496623999 -3.174180031 0.127202347 -0.108071901 -0.034082945 -0.105477355 -0.007070775 0.993812323
41251.663911000 -3.151814222 0.096610650 -0.075661436 -0.052448113 -0.099160783 -0.020571273 0.993475318
41251.797260999 -3.132613659 0.093521550 -0.071212485 -0.047051676 -0.106867082 -0.033183340 0.992604911
41252.030622999 -3.066236734 0.058962181 -0.065850221 -0.047797188 -0.110903651 -0.044345155 0.991690159
41252.231188999 -2.971139908 0.069749482 -0.066869982 -0.035941549 -0.105005756 -0.033565044 0.993254960
41252.431186000 -2.873744249 0.079601385 -0.061399870 -0.037633311 -0.077182278 -0.010631609 0.996249795
41252.631781999 -2.824460268 0.073691003 -0.070438489 -0.047410380 -0.044674434 0.001217605 0.997875214
41252.798470000 -2.772967577 0.058666989 -0.048492700 -0.052840956 -0.032050557 0.015504401 0.997968078
41252.965156999 -2.708092451 0.034431830 -0.016355747 -0.049164072 -0.009930256 0.024804030 0.998433352
41253.165711000 -2.651391983 0.008654444 0.020200623 -0.038592365 0.016051680 0.029823994 0.998680890
41253.365735999 -2.578095675 -0.025460288 0.085250959 -0.031918712 0.040050533 0.024745163 0.998381138
41253.565737999 -2.515044212 -0.046226017 0.142702445 -0.032641035 0.067856461 0.037785392 0.996444881
41253.766335000 -2.444294930 -0.054688405 0.173718944 -0.052136477 0.070577592 0.040199846 0.995331407
41253.966359999 -2.344613075 -0.069198973 0.198703900 -0.051873043 0.075683862 0.046072967 0.994715273
41254.099995999 -2.269185066 -0.083035633 0.208280742 -0.040539306 0.076202467 0.048057668 0.995108187
41254.233631000 -2.188764572 -0.104338944 0.188896924 -0.014808956 0.071277231 0.034088612 0.996763885
41254.266968999 -2.170540333 -0.098766655 0.186030179 -0.010063163 0.076718710 0.033164587 0.996450245
41254.300305999 -2.153415918 -0.104465000 0.181076467 -0.012097181 0.082543261 0.029930588 0.996064484
41254.366980999 -2.119101286 -0.116472423 0.195134699 -0.013865412 0.091805384 0.024385488 0.995381773
41254.600630000 -1.999770880 -0.128901541 0.200961009 -0.002107004 0.098934889 0.038331497 0.994353175
41254.700919000 -1.937112093 -0.114301473 0.203825817 -0.000309081 0.106494226 0.047398664 0.993182898
41254.967806000 -1.825577617 -0.135779589 0.272671312 -0.023160245 0.139524490 0.045674644 0.988893509
41255.201351000 -1.718675137 -0.147852272 0.321667075 -0.032437723 0.128152475 0.040696476 0.990388095
41255.434713000 -1.629439712 -0.142064810 0.345887542 -0.046271939 0.091629632 0.051224291 0.993397713
41255.635499999 -1.558612347 -0.142439112 0.337945789 -0.029450387 0.043734044 0.021357575 0.998380661
41257.304066999 -1.269090891 -0.107500739 0.286987126 0.010831266 0.092885569 0.051960289 0.994261086
41257.370741999 -1.266129255 -0.112379134 0.288324594 0.001928897 0.107443467 0.061665494 0.992295086
41257.604676000 -1.231205225 -0.128709987 0.318726838 -0.007528960 0.153425351 0.089309327 0.984087348
41257.838038000 -1.197011709 -0.141504988 0.340534687 -0.003405227 0.200302005 0.106306277 0.973943770
41257.971387999 -1.159901023 -0.153390825 0.361944854 -0.011340692 0.231812984 0.119188927 0.965364277
41258.105309999 -1.145237207 -0.141945526 0.385310411 -0.021602958 0.260059118 0.120297037 0.957826316
41258.238660000 -1.095054746 -0.142691359 0.395443827 -0.028706415 0.252630681 0.118646897 0.959831536
41258.372009999 -1.037479401 -0.140400797 0.401727468 -0.034326650 0.246677920 0.109270856 0.962305367
41258.538708000 -0.953166842 -0.131243497 0.380838573 -0.032825436 0.215811893 0.104679711 0.970252514
41258.672370000 -0.893874764 -0.136322930 0.355143964 -0.023823645 0.204196125 0.090754941 0.974422872
41258.805719999 -0.838506281 -0.132935598 0.348148584 -0.035957009 0.210009739 0.080823779 0.973689139
41258.939070000 -0.785322428 -0.137410954 0.342500478 -0.026131390 0.207335785 0.081356704 0.974530756
41259.072801000 -0.724955559 -0.131167948 0.339169085 -0.025818372 0.203156531 0.070612326 0.976255476
41259.206531999 -0.652807474 -0.132975817 0.344594270 -0.017071687 0.208653480 0.069970094 0.975334048
41259.339882000 -0.571160376 -0.129767373 0.349977821 -0.027471876 0.219177216 0.063566118 0.973224521
41259.439894000 -0.515068173 -0.140445322 0.355900705 -0.037377153 0.226195648 0.057627983 0.971657097
41259.539906999 -0.463539511 -0.142340422 0.363034844 -0.035978191 0.229561597 0.050451677 0.971319556
41259.640490999 -0.423677444 -0.133134007 0.370681584 -0.044182017 0.226078302 0.064959362 0.970936060
41259.773815000 -0.371784180 -0.144845828 0.388238102 -0.049255259 0.209539130 0.076196671 0.973581731
41259.873828000 -0.335524678 -0.144610241 0.384521574 -0.042721342 0.204767346 0.071130641 0.975287497
41259.973839999 -0.309562355 -0.138970852 0.381186962 -0.036905549 0.186133191 0.058120400 0.980109394
41260.074093000 -0.265637249 -0.147166789 0.376850009 -0.026631750 0.168236345 0.047086403 0.984261215
41260.174391000 -0.232328400 -0.135337591 0.368685901 -0.018784480 0.158062771 0.045764029 0.986189127
41260.307740999 -0.166200534 -0.136363521 0.329909295 -0.011748153 0.144413665 0.043165188 0.988505661
41260.507766000 -0.086073026 -0.117327467 0.296522647 -0.012311247 0.146229848 0.035542123 0.988535285
41260.608350000 -0.054668996 -0.110552013 0.309109300 -0.018616835 0.141784951 0.048491102 0.988533795
41260.708362999 -0.003856146 -0.113515727 0.290852755 -0.009792967 0.133291557 0.064769506 0.988909662
41260.841713000 0.064507097 -0.105736949 0.295114309 -0.007718374 0.143536150 0.070878975 0.987073481
41260.941724999 0.107530467 -0.104435258 0.317556709 -0.001799856 0.151414037 0.069988258 0.985987961
41261.075355000 0.167685062 -0.117071167 0.343030781 0.006011735 0.149639219 0.054362036 0.987226784
41261.208990999 0.230067044 -0.126610771 0.372370660 -0.004987775 0.145825922 0.053153984 0.987868726
41261.375678999 0.284093201 -0.124605328 0.413090229 0.002959471 0.147247180 0.064919204 0.986962497
41261.509029000 0.343811244 -0.134459406 0.413335055 0.000139459 0.118311867 0.075735956 0.990084052
41261.676288000 0.392474085 -0.131309956 0.424516648 -0.001053857 0.095036812 0.066616200 0.993241787
41261.842974999 0.476259440 -0.121220760 0.405457884 0.010171513 0.061764818 0.040032208 0.997235715
41262.042999999 0.543326676 -0.120719492 0.385197282 0.004181584 0.024810959 0.004894204 0.999671459
41262.310267000 0.628194153 -0.134715110 0.353951573 0.020058099 0.002125862 -0.008663625 0.999759018
41262.510291999 0.665132523 -0.151769742 0.350208312 0.034156237 0.004081983 -0.010447777 0.999353588
41262.710889000 0.684592366 -0.155989736 0.344557285 0.045300402 0.001477089 -0.006095770 0.998953760
41263.044263999 0.699111819 -0.155341014 0.340268582 0.044477146 0.011417108 -0.006101029 0.998926580
41263.444890999 0.570290327 -0.155588239 0.366890758 0.013475879 0.033278354 -0.007374163 0.999328077
41263.544903000 0.518144727 -0.156051308 0.369662672 0.012458288 0.020491058 -0.013196025 0.999625385
41263.712172999 0.483529717 -0.157263175 0.358263135 0.003091471 -0.003273831 -0.011683872 0.999921620
41263.878951999 0.384682447 -0.163456023 0.379360110 -0.012648434 0.007046315 -0.004895017 0.999883235
41264.012302000 0.316343546 -0.148203611 0.370507121 -0.009226221 -0.002840408 0.000307220 0.999953389
41264.146032999 0.240248546 -0.137707114 0.373763353 -0.021148613 -0.011681388 -0.004568039 0.999697685
41264.279396999 0.182960510 -0.135619894 0.373755932 -0.038848579 -0.038177777 -0.026327722 0.998168409
41264.412747000 0.131813392 -0.137972072 0.379825234 -0.052917618 -0.045227315 -0.040598560 0.996747732
41264.479421999 0.090119317 -0.146596968 0.390443653 -0.058249407 -0.052139666 -0.048006896 0.995783031
41264.512758999 0.067560785 -0.150708094 0.394522429 -0.054881174 -0.059667613 -0.049912088 0.995458007
41264.613342999 0.047514912 -0.178060532 0.408050597 -0.049741276 -0.078752421 -0.050189003 0.994386733
41264.713356000 -0.001508567 -0.208421245 0.430084407 -0.045172069 -0.060819481 -0.042138234 0.996235371
41264.979928000 -0.143547773 -0.243504971 0.483272374 -0.013779128 -0.042284600 0.000097655 0.999010623
41265.147187000 -0.228142679 -0.258445382 0.503221333 -0.021383718 -0.053527053 -0.013890641 0.998240769
41265.313874999 -0.297041893 -0.264779866 0.526861548 -0.014200558 -0.041166335 -0.019806005 0.998855054
41265.447225000 -0.356032223 -0.275576860 0.548933089 -0.008061050 -0.006778360 0.002957587 0.999940157
41265.580774000 -0.414131582 -0.284502953 0.571004212 -0.013895599 0.039533354 0.026035976 0.998782337
41265.747747000 -0.501749873 -0.306369126 0.597246647 -0.018220657 0.088654891 0.052986305 0.994485199
41265.981109000 -0.584545970 -0.342102438 0.660713613 -0.025264991 0.112707190 0.056636076 0.991691053
41266.215234000 -0.645771503 -0.356585115 0.723530293 -0.009784769 0.116212025 0.068746477 0.990794122
41266.448596000 -0.680067062 -0.370390445 0.787695229 -0.015854200 0.103044204 0.073045775 0.991864383
41267.316537999 -0.916273296 -0.418150634 0.917651594 -0.073163927 0.313236982 0.191329330 0.927320182
41267.416550000 -0.936512649 -0.414713830 0.928767979 -0.072384417 0.339382768 0.203465432 0.915522635
41267.516509000 -0.947071493 -0.416040421 0.914469063 -0.065343469 0.363123924 0.212234542 0.904891014
41267.650430000 -0.973597527 -0.397466689 0.908019841 -0.057841014 0.393047750 0.221307948 0.890612543
41267.783779999 -1.006306648 -0.385252118 0.894700229 -0.054811314 0.401200891 0.238344923 0.882737339
41267.850454999 -1.020340323 -0.375864923 0.892915070 -0.062347375 0.400879145 0.247206628 0.879941821
41267.983805000 -1.043362856 -0.392012358 0.894246399 -0.074998014 0.416851252 0.267506361 0.865477204
41268.017142999 -1.058957934 -0.386481673 0.882976532 -0.069947928 0.421088398 0.273385346 0.862004876
41268.184401999 -1.107538223 -0.378772110 0.887970269 -0.078270756 0.433626413 0.290049583 0.849536955
41268.251077000 -1.116731286 -0.390048802 0.893159151 -0.090695530 0.441711485 0.297121584 0.841655552
41268.384426999 -1.143381357 -0.400547773 0.905206382 -0.080431543 0.477491409 0.308468163 0.818767428
41268.517750999 -1.177968860 -0.403253913 0.932387292 -0.082856901 0.517275453 0.311122417 0.792946219
41268.618334999 -1.184997916 -0.411362588 0.975117385 -0.079890899 0.549390256 0.327261835 0.764648616
41268.718348000 -1.207399726 -0.419397116 0.998831511 -0.070150405 0.569586039 0.353084296 0.738906085
41268.818359999 -1.212574720 -0.430107117 1.040268421 -0.068995766 0.586279631 0.373657793 0.715468824
41268.918373000 -1.243097544 -0.441143513 1.067847490 -0.042305257 0.603440523 0.388639748 0.695002854
41269.018385000 -1.232852221 -0.451751709 1.090094447 -0.063462362 0.606905520 0.399060249 0.684389591
41269.118969000 -1.222253084 -0.457156062 1.115255594 -0.060010493 0.623267591 0.400715202 0.668852448
41269.218981999 -1.217671394 -0.462045252 1.126843452 -0.054951802 0.632721186 0.400655180 0.660393536
41269.318994000 -1.193085670 -0.465229154 1.142869711 -0.056504469 0.635976374 0.411202699 0.650579572
41269.419006999 -1.161946893 -0.473514259 1.148542047 -0.047698658 0.638526440 0.422676980 0.641368091
41269.485681999 -1.142615080 -0.482370555 1.153975964 -0.044094585 0.645989537 0.424178839 0.633107841
41269.585980000 -1.111114979 -0.488261819 1.157674313 -0.034123320 0.660444379 0.428227991 0.615848720
41269.819627999 -1.063134313 -0.505994320 1.170929909 -0.023116097 0.686695516 0.427171320 0.587741077
41269.886306000 -1.046994686 -0.509264231 1.177116275 -0.026078427 0.696878016 0.430026680 0.573374212
41269.952981000 -1.037228703 -0.512832761 1.184625149 -0.023364490 0.708785236 0.431861937 0.557290673
41270.019655999 -1.027655005 -0.520383477 1.188418865 -0.019598400 0.719676256 0.434735030 0.541005969
41270.086617000 -1.013757944 -0.525231719 1.206288815 -0.012959382 0.734921455 0.435279101 0.519860148
41270.153577999 -1.005789042 -0.529995918 1.228040934 -0.012015046 0.746263862 0.438118041 0.500997543
41270.286928000 -0.992933273 -0.550226331 1.268495083 -0.009046379 0.759103596 0.445360601 0.474693567
41270.420277999 -0.997228980 -0.567333698 1.312276363 -0.000186046 0.771628976 0.443559349 0.455898911
41270.486952999 -0.999515414 -0.572885394 1.328112960 -0.003250199 0.772765040 0.449149162 0.448429227
41270.720884000 -0.995664120 -0.597662807 1.373196602 -0.011940305 0.776557267 0.461874664 0.428355038
41271.121506000 -1.001718044 -0.618896008 1.400364876 -0.017981526 0.795716941 0.456039906 0.398169369
41271.221510000 -1.001729965 -0.625758946 1.398648024 -0.020095315 0.802561045 0.453333974 0.387272984
41271.688805999 -1.002619505 -0.628241122 1.385710120 -0.005130228 0.821535707 0.435853124 0.367538899
41271.755481000 -1.001556993 -0.629270315 1.379354477 -0.002465537 0.825664103 0.431713432 0.363175333
41271.888830999 -1.002445698 -0.626246393 1.362782955 0.004622354 0.832348466 0.426227719 0.354266286
41271.988843999 -1.006759763 -0.619710922 1.351234078 0.007164892 0.837627292 0.423207134 0.345289558
41272.089059999 -1.009698868 -0.613760650 1.324708104 0.008932938 0.839430690 0.428135008 0.334629327
41272.189358000 -1.008931756 -0.606027603 1.296154499 0.012032949 0.844108999 0.429331273 0.320951551
41272.322707999 -1.017631888 -0.589792132 1.248970628 0.019604642 0.849835515 0.426681727 0.308768511
41272.422721000 -1.026299119 -0.580564201 1.213613629 0.024956578 0.855034590 0.422525316 0.299608648
41272.522732999 -1.034435868 -0.562090397 1.179594159 0.029174550 0.861015499 0.418750674 0.287139386
41272.589694000 -1.040379524 -0.557144880 1.150259852 0.030270698 0.865000486 0.416889429 0.277598739
41272.656654999 -1.044471741 -0.543150067 1.125012279 0.029543210 0.870145917 0.412041247 0.268692017
41272.723330000 -1.055464268 -0.536337376 1.094844580 0.028558187 0.875245035 0.406467706 0.260604292
41272.790005000 -1.064192653 -0.529834032 1.078329206 0.027399505 0.882227838 0.397939354 0.250135124
41272.890016999 -1.077910781 -0.516584873 1.045642138 0.031716954 0.891969144 0.389690667 0.226994216
41272.956691999 -1.086403131 -0.508760571 1.033503056 0.032411154 0.894274175 0.391909778 0.213611662
41273.023367000 -1.089381218 -0.505076170 1.013366222 0.029712318 0.892934322 0.403274357 0.197877198
41273.157289000 -1.089621067 -0.471197367 0.944456816 0.043545410 0.893790781 0.409149438 0.178433746
41273.257300999 -1.096973658 -0.453021109 0.919712901 0.044707913 0.897939622 0.404670477 0.167175040
41273.323975999 -1.098837614 -0.439177096 0.885944963 0.041094948 0.903207004 0.399746537 0.150768027
41273.390651000 -1.087117076 -0.426119745 0.878087759 0.039601140 0.909735620 0.392466426 0.129549548
41273.457326000 -1.083342433 -0.415447116 0.837568641 0.040290590 0.911838591 0.391355485 0.117336668
41273.524066999 -1.081707239 -0.406652272 0.802741528 0.054325271 0.922246158 0.370191246 0.097310103
41273.658019000 -1.075028658 -0.396144629 0.787392378 0.057879731 0.932082593 0.349665582 0.074872643
41273.757996000 -1.072570801 -0.387132287 0.764293551 0.055942725 0.933432281 0.349275112 0.059845984
41273.824671000 -1.063432217 -0.380067259 0.748636842 0.053255502 0.936867476 0.342011482 0.049712166
41273.924682999 -1.056975365 -0.372388661 0.721798122 0.053218249 0.940400600 0.332817107 0.045247585
41273.991357999 -1.061658382 -0.379271239 0.705109894 0.053819153 0.943632960 0.323388070 0.045612350
41274.125089000 -1.077628255 -0.378983647 0.695814967 0.054325305 0.950936496 0.301452935 0.043527577
41274.225101999 -1.098764300 -0.378056556 0.695348620 0.052003369 0.952806950 0.295404315 0.046806403
41274.391789000 -1.136537552 -0.372666061 0.678294778 0.055025388 0.952633083 0.295041353 0.049122334
41274.458464000 -1.160307884 -0.373873651 0.681447506 0.051083829 0.951936960 0.297786117 0.050298940
41274.525138999 -1.184407234 -0.368148953 0.673443913 0.045958154 0.948254466 0.310211390 0.049701393
41274.625699999 -1.204154134 -0.349039108 0.649931908 0.041897025 0.944800258 0.320579946 0.053156555
41274.759045999 -1.254498124 -0.350015819 0.638178229 0.043712605 0.943405628 0.322980225 0.061309043
41274.825721000 -1.286265850 -0.353475869 0.633543134 0.042378861 0.943065286 0.324344307 0.060271990
41274.959070999 -1.318458319 -0.335368186 0.617044628 0.038979888 0.942559302 0.327154040 0.055071045
41275.059084000 -1.346746683 -0.332998931 0.607702613 0.034023881 0.941195488 0.331081986 0.058122635
41275.293017999 -1.389802217 -0.318388164 0.580388069 0.040079813 0.940333068 0.331762463 0.064039677
41275.459574000 -1.431513190 -0.316950500 0.570247173 0.039643589 0.938686728 0.335118532 0.070648216
41275.593305000 -1.460142732 -0.309129059 0.562306881 0.039326183 0.936702311 0.341169298 0.068159752
41275.760372999 -1.498198390 -0.300715685 0.538130343 0.039270509 0.932703555 0.353232086 0.061229400
41276.027072999 -1.567710280 -0.250746667 0.465307057 0.020984249 0.926215947 0.374005377 0.042469759
41276.094034000 -1.611480117 -0.253173023 0.437644005 0.013194126 0.924011946 0.380724460 0.032814067
41276.160994999 -1.589002967 -0.215528443 0.424066842 0.003509091 0.924604416 0.380775422 0.010221001
41276.261007000 -1.577853560 -0.189171001 0.391391426 0.006523195 -0.922076225 -0.386942893 0.002861086
41276.327682000 -1.592497706 -0.164827973 0.367056996 0.014577105 -0.917403936 -0.397598058 0.008562672
41276.394356999 -1.595664859 -0.148383722 0.338937968 0.021454535 -0.910301566 -0.413042009 0.016946722
41276.461031999 -1.608131647 -0.144335553 0.300109446 0.021691505 -0.906279147 -0.421650201 0.019969165
41276.561045000 -1.638805389 -0.127824426 0.297330260 0.017179975 -0.905262887 -0.423561394 0.028278228
41276.628320999 -1.670016885 -0.127349749 0.281412244 0.016381456 -0.901323080 -0.431450903 0.034619365
41276.694995999 -1.680704474 -0.121587947 0.275292665 0.017231522 -0.898613274 -0.435479581 0.050544977
41276.895020999 -1.715255737 -0.128834784 0.229542628 0.003224795 -0.895620108 -0.440383703 0.062581472
41277.061709000 -1.780686259 -0.120918959 0.222826153 0.009654331 -0.895711184 -0.440788478 0.057565853
41277.228968000 -1.868397593 -0.126263678 0.212842405 0.007551739 -0.894400060 -0.444106787 0.052541628
41277.362317999 -1.948578477 -0.119032368 0.213674933 0.004731265 -0.899711847 -0.432865947 0.055886365
41277.428998000 -1.989247561 -0.114138111 0.210468531 0.008654593 -0.898370922 -0.435325474 0.057848968
41277.495672999 -2.025272131 -0.118709192 0.195507467 0.010940596 -0.897826672 -0.436198980 0.059313148
41277.562347999 -2.050738811 -0.118946746 0.202241793 0.013761231 -0.900554657 -0.430295885 0.060476441
41277.629558000 -2.076394081 -0.114087246 0.207426399 0.013164640 -0.899330616 -0.432547927 0.062717102
41277.796244999 -2.144402504 -0.105686039 0.171538308 0.005853760 -0.893517673 -0.444509447 0.063271999
41277.862919999 -2.185271978 -0.094454609 0.162641406 0.004969801 -0.893861234 -0.444254756 0.060208987
41277.929595000 -2.219859123 -0.083368897 0.148840398 0.003966775 -0.893398046 -0.444589406 0.064532503
41277.996270000 -2.257486820 -0.071049988 0.135526955 -0.000729788 -0.894236028 -0.441681623 0.072517090
41278.096568000 -2.316384315 -0.051359728 0.116074294 0.002685729 -0.893953085 -0.440806597 0.080809847
41278.163528999 -2.370338678 -0.038060695 0.123012245 0.006860809 -0.892503977 -0.441652000 0.091286205
41278.230203999 -2.402301788 -0.025407314 0.096601009 0.008779134 -0.882518530 -0.455362290 0.117171422
41278.296879000 -2.418477774 -0.012059689 0.068486810 0.013307405 -0.876532733 -0.459834874 0.141651392
41278.363554000 -2.457275867 -0.006887019 0.054515123 0.010514432 -0.876775563 -0.454165936 0.157757461
41278.430228999 -2.490493536 0.007061183 0.045207143 0.002057175 -0.876361966 -0.447691143 0.177646026
41278.496903999 -2.529234409 0.014494419 0.049714804 -0.012399657 -0.873231709 -0.448145419 0.190993249
41278.563579000 -2.562489510 0.013164639 0.035847187 -0.024725284 -0.869355202 -0.452264607 0.197653502
41278.597201999 -2.582950354 0.015292645 0.025599957 -0.027105590 -0.869177282 -0.451194406 0.200548843
41278.664163000 -2.618665218 0.015048385 0.026397824 -0.027059246 -0.868216991 -0.449173391 0.209069997
41278.730838000 -2.647890568 0.023789167 0.018121839 -0.024167888 -0.865013421 -0.451158375 0.218228802
41278.797512999 -2.680999517 0.026770949 0.015728951 -0.023393046 -0.868714929 -0.445385009 0.215451673
41278.864187999 -2.714165926 0.021242857 0.016837955 -0.023931216 -0.874683499 -0.438809752 0.204455599
41278.930915999 -2.749367952 0.013731897 0.012056351 -0.026206736 -0.880301356 -0.431297988 0.195869356
41278.997545999 -2.786535263 0.010942638 0.015334129 -0.028313333 -0.883887529 -0.425115526 0.192919552
41279.064221000 -2.819188833 0.007449389 0.002068996 -0.024017569 -0.886661947 -0.423539072 0.184033856
41279.131277000 -2.849711895 0.003557146 0.009234071 -0.018078081 -0.892765284 -0.416307807 0.171263531
41279.197952000 -2.880855083 0.001369715 0.006307244 -0.012721519 -0.894749165 -0.417088985 0.159056142
41279.297964999 -2.920459509 -0.011953175 0.003407717 -0.004635897 -0.901650429 -0.407696515 0.144182697
41279.497990000 -2.990466833 -0.014321387 -0.034947157 0.002803864 -0.903682709 -0.408363968 0.128796756
41279.564664999 -3.010347366 -0.005776823 -0.045779705 0.005604399 -0.909299910 -0.399331063 0.116948873
41279.632102000 -3.038988113 -0.018248141 -0.047732949 0.009292522 -0.913879395 -0.393146068 0.100867420
41279.698776999 -3.081177950 -0.023516238 -0.070186257 0.026284441 -0.913646817 -0.393640459 0.098009460
41279.765451999 -3.105674744 -0.007093221 -0.102801681 0.038229700 -0.914370418 -0.389530748 0.103590392
41279.832127000 -3.141621828 -0.008239955 -0.128160119 0.050265480 -0.917431295 -0.379857332 0.107245691
41279.898802000 -3.160296440 -0.008155644 -0.148366094 0.061157696 -0.919568241 -0.370282322 0.116382949
41279.965476999 -3.176237345 -0.005162671 -0.172880054 0.077409118 -0.922172844 -0.357835203 0.124735959
41280.032151999 -3.198144913 0.002930641 -0.198381901 0.089627519 -0.923934579 -0.348032951 0.131091237
41280.099017000 -3.210431814 -0.002861455 -0.220319271 0.090453021 -0.926085949 -0.340039819 0.136220187
41280.165883000 -3.230727673 -0.000816554 -0.236244798 0.083308302 -0.928777993 -0.335094243 0.134695843
41280.432582000 -3.292114735 0.011351466 -0.284164071 0.065672100 -0.936775386 -0.324460179 0.113422319
41280.565931999 -3.320043087 0.023898274 -0.307625294 0.056021035 -0.939351141 -0.322176129 0.103362150
41280.633162999 -3.338910580 0.044264272 -0.317182422 0.051882688 -0.943343759 -0.312650591 0.098286875
41280.733176000 -3.369470835 0.005475998 -0.309271336 0.052809119 -0.946009815 -0.305596262 0.094273746
41280.833187999 -3.401348829 0.032226905 -0.330218434 0.051600046 -0.946692288 -0.305235714 0.089120105
41280.899849000 -3.422543049 0.033547685 -0.339447141 0.055555500 -0.947961926 -0.304824114 0.073239647
41280.966524000 -3.442522526 0.040439628 -0.355176568 0.057271488 -0.950465262 -0.299741000 0.059085581
41281.100160000 -3.488047361 0.054100469 -0.369977832 0.053929627 -0.954559505 -0.290981919 0.035174686
41281.200457999 -3.529661894 0.009362336 -0.342173100 0.043918177 -0.957556725 -0.283962607 0.022838699
41281.267133000 -3.547058105 0.056568552 -0.332557082 0.035139915 -0.953360915 -0.298385054 0.028889537
41281.400482999 -3.575261116 0.062906861 -0.364402413 0.011378647 -0.946491361 -0.320667207 0.034599595
41281.667731000 -3.630879641 0.126715243 -0.438732266 0.025921723 -0.918455899 -0.394546300 0.010003104
41281.734406000 -3.642675877 0.132934198 -0.452692509 0.029902080 -0.916414678 -0.398914307 0.012545510
41282.234961000 -3.740389109 0.180750728 -0.459297955 -0.018787419 -0.910626352 -0.411729276 0.029761421
41282.301635999 -3.752381563 0.177331030 -0.449976027 -0.011516060 -0.905425131 -0.423437566 0.027809910
41282.368310999 -3.758775949 0.189204574 -0.458069921 -0.004255232 -0.899126887 -0.436122209 0.036744352
