#timestamp tx ty tz qx qy qz qw
0.000000001 0.000000000 0.000000000 0.000000000 -0.000000000 -0.000000000 -0.000000000 1.000000000
11.000000000 -0.021053376 -0.360824972 -0.063459076 0.009453194 0.051622879 -0.000422132 0.998621821
11.199999999 -0.011280360 -0.313133687 -0.088510700 0.013157682 0.057946648 0.000741957 0.998232722
11.349999999 0.000630451 -0.109885491 -0.106048346 0.016077606 0.058040164 0.004032742 0.998176634
15.900000000 -0.005726184 -0.534575403 -0.247667134 -0.018298512 0.063117057 -0.022223573 0.997590899
16.199999999 -0.081653312 -0.661068797 -0.329253703 -0.000373334 0.056609366 -0.009542860 0.998350739
16.649999998 -0.183857724 -0.486490577 -0.462993413 0.013314878 0.048866186 0.002403096 0.998713732
16.800000000 -0.202248454 -0.345869541 -0.507138908 0.010776891 0.049668461 0.000848340 0.998707235
16.949999999 -0.212749347 -0.209307596 -0.549006343 0.006696833 0.049898770 -0.000123569 0.998731852
17.149999998 -0.226515934 -0.064399399 -0.608330011 0.004354375 0.051061735 0.001940534 0.998684168
18.050000000 -0.140824214 -0.346072644 -0.858997822 0.014854761 0.046933260 0.004133695 0.998778999
18.350000000 -0.049989589 -0.277654558 -0.933588684 0.014921709 -0.014706474 -0.004767545 0.999769151
18.449999999 -0.011420665 -0.218504161 -0.955995500 0.016135499 -0.039395388 -0.005843850 0.999076366
18.600000000 0.054115329 -0.126952276 -0.996596158 0.018176321 -0.071786731 -0.009298043 0.997211039
18.750000000 0.131500795 -0.047458839 -1.042947054 0.015157099 -0.095451698 -0.009796989 0.995270431
18.949999999 0.220852733 -0.011636714 -1.097921371 0.052608207 -0.115393013 -0.032110956 0.991405964
19.449999999 0.327636600 -0.238630310 -1.190665483 0.006753016 -0.095034473 0.007377094 0.995423794
19.600000000 0.383373767 -0.274006754 -1.204761863 -0.015057276 -0.095623247 0.026777837 0.994943440
19.800000000 0.453024745 -0.283299297 -1.197268844 -0.026672764 -0.098152556 0.039271437 0.994038463
20.350000000 0.513864934 -0.280898899 -0.981096029 -0.024470117 -0.141244531 -0.005085403 0.989659190
20.500000000 0.497339338 -0.283243954 -0.904133141 -0.027677085 -0.177661106 -0.012045511 0.983628690
20.699999999 0.456881583 -0.253448814 -0.809793413 -0.027770370 -0.229017466 -0.021147689 0.972796261
20.899999999 0.393702447 -0.191926375 -0.737564445 -0.027103825 -0.272095174 -0.032395255 0.961342931
21.000000000 0.354291648 -0.161352426 -0.712908924 -0.027822083 -0.288323313 -0.038657527 0.956347883
21.250000000 0.238155648 -0.132605985 -0.692568421 -0.026479689 -0.318524331 -0.036152661 0.946854830
21.500000000 0.100371003 -0.175568447 -0.726946115 -0.016911188 -0.334526658 -0.018055039 0.942061543
21.649999999 0.013011448 -0.230206937 -0.756826162 -0.007809069 -0.341611534 -0.011425729 0.939739347
21.800000000 -0.070215821 -0.286479503 -0.785925031 0.007315747 -0.352234542 0.011665870 0.935810506
21.899999999 -0.122447252 -0.329491436 -0.796134830 0.010025249 -0.358318418 0.020485653 0.933320880
22.100000000 -0.212199852 -0.410273314 -0.788712740 0.005827507 -0.376152039 0.015858766 0.926403940
22.300000000 -0.289953202 -0.492924213 -0.747707129 -0.005099782 -0.396421582 -0.000781404 0.918054104
22.649999999 -0.412312508 -0.580856562 -0.633888781 -0.007946175 -0.433458835 -0.004395032 0.901127636
23.250000000 -0.604654014 -0.482178181 -0.383650661 -0.015417097 -0.445569009 -0.014413438 0.894998848
23.500000000 -0.681371272 -0.547953367 -0.285705209 0.003554367 -0.444450051 -0.032243267 0.895216107
23.699999999 -0.722783029 -0.656184852 -0.228240758 -0.001444780 -0.441967160 -0.051126819 0.895571887
23.949999999 -0.736319184 -0.837796390 -0.206851080 0.003670236 -0.444308460 -0.027190663 0.895453632
24.199999999 -0.701150179 -1.004287481 -0.198740199 0.037973870 -0.445812076 -0.021719065 0.894056976
24.699999999 -0.433847487 -1.145127535 -0.153002471 -0.002568207 -0.447909147 -0.020535748 0.893839538
25.300000000 0.062871046 -0.996084630 -0.110249475 -0.011849850 -0.452111989 -0.013933334 0.891773641
25.550000000 0.285510093 -0.838587403 -0.106042311 -0.020334825 -0.453546375 -0.003394228 0.890994251
25.750000000 0.437945008 -0.682248175 -0.099247977 -0.078868292 -0.452623874 0.003063031 0.888201594
27.550000000 -1.099559188 -1.339968443 -0.201196581 0.029195128 -0.459166080 -0.021804025 0.887602806
27.649999999 -1.261104345 -1.349186897 -0.190139860 0.057887997 -0.457894146 -0.027918831 0.886680603
27.750000000 -1.397018194 -1.346424103 -0.174056768 0.083818108 -0.456323445 -0.035583708 0.885142505
27.850000000 -1.509250522 -1.324228168 -0.158343434 0.106884263 -0.454956353 -0.046336755 0.882860899
28.350000000 -1.542237997 -0.998433590 -0.062447965 -0.014162830 -0.454686701 -0.036884256 0.889774680
28.500000000 -1.465263605 -0.892741323 -0.052062929 -0.067623459 -0.455893457 -0.026416583 0.887068450
30.500000000 -0.410626233 -1.228284955 -0.564276099 -0.151164755 -0.460459501 0.027003441 0.874298036
31.449999999 -1.327656746 -0.542075872 -0.740169823 0.079723001 -0.457753450 -0.030935345 0.884957075
32.100000000 -1.172011852 -0.155333847 -0.630184531 -0.010939952 -0.466123343 0.001618074 0.884650648
35.750000000 0.220975220 -1.019411683 -0.320351243 -0.179264218 -0.480399698 0.041374467 0.857536435
37.000000000 -1.282368779 -0.630276680 -0.353866875 0.135355100 -0.470133871 -0.063180432 0.869862854
38.899999999 -1.914481640 -0.786389470 -0.201570690 0.075766362 -0.481545389 -0.022380086 0.872853160
39.049999999 -2.294982672 -0.675410271 -0.149132609 0.137677208 -0.472339362 -0.044112314 0.869479537
39.199999998 -2.571470737 -0.577701867 -0.085825324 0.166916683 -0.464709222 -0.062988520 0.867304265
39.499999999 -2.725713491 -0.464811593 0.039530873 0.050978456 -0.462598890 -0.051895883 0.883578122
39.749999999 -2.650557041 -0.414175242 0.107535720 -0.002681311 -0.472246855 -0.053439371 0.879840910
41.249999999 -0.061903760 -0.577558160 -0.375727832 -0.137674540 -0.464125633 0.031526633 0.874436557
41.549999999 0.301535785 -0.571485579 -0.458971381 -0.194240659 -0.459838003 0.060397964 0.864390969
43.599999998 -1.158531189 -0.325377107 -0.556639612 -0.082513973 -0.448932290 0.014545931 0.889628947
43.799999999 -0.944936991 -0.360467076 -0.644563675 -0.170816720 -0.446772993 0.050016247 0.876763344
44.049999999 -0.968278229 -0.405125409 -0.727131069 -0.212970987 -0.446789086 0.068419352 0.866222620
44.249999999 -1.262786150 -0.441781282 -0.770243704 -0.128190085 -0.452186048 0.050867513 0.881196678
44.399999999 -1.582432508 -0.451313436 -0.777255058 -0.032654893 -0.451450557 0.067713886 0.889123678
44.549999999 -1.921882033 -0.444729179 -0.746807933 0.024703363 -0.447000206 0.046035439 0.893006861
44.749999999 -2.340175152 -0.422147453 -0.645896792 0.063585386 -0.438904911 -0.014212196 0.896168172
44.899999999 -2.597340345 -0.402185053 -0.554800034 0.070340343 -0.433541119 -0.058578029 0.896472514
45.049999999 -2.787793636 -0.383589417 -0.481267691 0.091965273 -0.432660222 -0.079984590 0.893280447
45.349999998 -2.894537210 -0.356038243 -0.416703343 0.125156105 -0.433401912 -0.099329226 0.886923075
45.649999999 -2.594885111 -0.342772365 -0.461189151 0.111576594 -0.444978803 -0.056034662 0.886794567
45.799999999 -2.319463730 -0.337654173 -0.492914259 0.064178497 -0.446793199 -0.043740865 0.891259611
46.049999999 -1.777959347 -0.337423027 -0.554879546 -0.061244436 -0.449565738 -0.004991714 0.891131282
48.599999998 -0.043759793 -0.455675364 -0.764881074 -0.206831157 -0.461392581 0.060858760 0.860600948
49.549999999 -1.745705009 -0.492478818 -0.617751598 0.137100130 -0.448924124 -0.057591487 0.881109476
49.749999999 -2.017740250 -0.471123606 -0.559953511 0.173610806 -0.432026953 -0.081476219 0.881234169
51.599999998 -1.542971849 -0.316075832 -0.381960452 0.017206049 -0.445286870 -0.053182453 0.893641531
51.949999998 -2.167201281 -0.288410723 -0.411657751 0.141740963 -0.429801524 -0.076061629 0.888478935
52.199999998 -2.247767210 -0.309892625 -0.478343070 0.160771340 -0.426571697 -0.056110252 0.888279676
55.749999999 -0.498915792 -0.400066197 -0.721415639 -0.219785899 -0.462691277 0.059559438 0.856775105
56.349999998 -2.070016861 -0.326953799 -0.842785537 0.167777345 -0.435791343 -0.056611918 0.882457852
56.549999999 -2.307466030 -0.313609600 -0.841933846 0.208552495 -0.422284931 -0.077502929 0.878734648
67.099999999 -1.670298457 -0.237002030 -0.361063331 -0.047692399 -0.429666996 -0.036056228 0.901005924
71.899999999 -2.072559834 -0.244977608 -0.549554229 -0.018196827 -0.419165611 -0.084533460 0.903782725
74.099999999 -0.814266682 -0.223620772 -0.278814286 -0.113841429 -0.443169236 -0.012959557 0.889085650
74.299999998 -0.724600136 -0.224083260 -0.224811748 -0.113954812 -0.443841249 -0.070456713 0.886033356
77.849999999 -1.383666992 -0.254680872 0.194960237 -0.056248706 -0.441502035 -0.103264496 0.889521480
84.649999999 -1.632646561 -0.411578715 0.217499912 -0.076317638 -0.422254682 -0.139696285 0.892390966
91.699999998 -1.610568285 -1.189162612 -0.404256105 0.018561414 -0.480446905 -0.018409315 0.876634121
92.199999998 -1.751321077 -0.874605298 -0.435267031 -0.075870208 -0.475930512 0.001359244 0.876203239
92.999999998 -2.151721954 -0.369810432 -0.417863905 0.010196111 -0.473757386 -0.011114092 0.880526245
94.749999998 -1.815693259 -0.681741536 -0.368229568 0.026898619 -0.492855251 -0.027096279 0.869273245
100.749999998 -1.267057657 -0.572155535 -0.140176594 0.041942120 -0.460220009 0.085849948 0.882648408
